(1, 8471112222, 2, 1, 1, 1, 1),
(2, 8471112223, 3, 1, 0, 0, 2),
(3, 8471112224, 4, 1, 1, 1, 1),
(4, 8471112225, 5, 1, 0, 0, 2),
(5, 8471112226, 6, 1, 1, 1, 1),
(6, 8471112227, 7, 1, 0, 0, 2),
(7, 8471112228, 8, 1, 1, 1, 1),
(8, 8471112229, 9, 1, 0, 0, 2),
(9, 8471112230, 10, 1, 1, 1, 1),
(10, 8471112231, 11, 1, 0, 0, 2),
(11, 8471112232, 12, 1, 1, 1, 1),
(12, 8471112233, 13, 1, 0, 0, 2),
(13, 8471112234, 14, 1, 1, 1, 1),
(14, 8471112235, 15, 1, 0, 0, 2),
(15, 8471112236, 16, 1, 1, 1, 1),
(16, 8471112237, 17, 1, 0, 0, 2),
(17, 8471112238, 18, 1, 1, 1, 1),
(18, 8471112239, 19, 1, 0, 0, 2),
(19, 8471112240, 20, 1, 1, 1, 1),
(20, 8471112241, 21, 1, 0, 0, 2),
(21, 8471112242, 22, 1, 1, 1, 1),
(22, 8471112243, 23, 1, 0, 0, 2),
(23, 8471112244, 24, 1, 1, 1, 1),
(24, 8471112245, 25, 1, 0, 0, 2),
(25, 8471112246, 26, 1, 1, 1, 1),
(26, 8471112247, 27, 1, 0, 0, 2),
(27, 8471112248, 28, 1, 1, 1, 1),
(28, 8471112249, 29, 1, 0, 0, 2),
(29, 8471112250, 30, 1, 1, 1, 1),
(30, 8471112251, 31, 1, 0, 0, 2),
(31, 8471112252, 32, 1, 1, 1, 1),
(32, 8471112253, 33, 1, 0, 0, 2),
(33, 8471112254, 34, 1, 1, 1, 1),
(34, 8471112255, 35, 1, 0, 0, 2),
(35, 8471112256, 36, 1, 1, 1, 1),
(36, 8471112257, 37, 1, 0, 0, 2),
(37, 8471112258, 38, 1, 1, 1, 1),
(38, 8471112259, 39, 1, 0, 0, 2),
(39, 8471112260, 40, 1, 1, 1, 1),
(40, 8471112261, 41, 1, 0, 0, 2),
(41, 8471112262, 42, 1, 1, 1, 1),
(42, 8471112263, 43, 1, 0, 0, 2),
(43, 8471112264, 44, 1, 1, 1, 1),
(44, 8471112265, 45, 1, 0, 0, 2),
(45, 8471112266, 46, 1, 1, 1, 1),
(46, 8471112267, 47, 1, 0, 0, 2),
(47, 8471112268, 48, 1, 1, 1, 1),
(48, 8471112269, 49, 1, 0, 0, 2),
(49, 8471112270, 50, 1, 1, 1, 1),
(50, 8471112271, 51, 1, 0, 0, 2),
(51, 8471112272, 52, 1, 1, 1, 1),
(52, 8471112273, 53, 1, 0, 0, 2),
(53, 8471112274, 54, 1, 1, 1, 1),
(54, 8471112275, 55, 1, 0, 0, 2),
(55, 8471112276, 56, 1, 1, 1, 1),
(56, 8471112277, 57, 1, 0, 0, 2),
(57, 8471112278, 58, 1, 1, 1, 1),
(58, 8471112279, 59, 1, 0, 0, 2),
(59, 8471112280, 60, 1, 1, 1, 1),
(60, 8471112281, 61, 1, 0, 0, 2),
(61, 8471112282, 62, 1, 1, 1, 1),
(62, 8471112283, 63, 1, 0, 0, 2),
(63, 8471112284, 64, 1, 1, 1, 1),
(64, 8471112285, 65, 1, 0, 0, 2),
(65, 8471112286, 66, 1, 1, 1, 1),
(66, 8471112287, 67, 1, 0, 0, 2),
(67, 8471112288, 68, 1, 1, 1, 1),
(68, 8471112289, 69, 1, 0, 0, 2),
(69, 8471112290, 70, 1, 1, 1, 1),
(70, 8471112291, 71, 1, 0, 0, 2),
(71, 8471112292, 72, 1, 1, 1, 1),
(72, 8471112293, 73, 1, 0, 0, 2),
(73, 8471112294, 74, 1, 1, 1, 1),
(74, 8471112295, 75, 1, 0, 0, 2),
(75, 8471112296, 76, 1, 1, 1, 1),
(76, 8471112297, 77, 1, 0, 0, 2),
(77, 8471112298, 78, 1, 1, 1, 1),
(78, 8471112299, 79, 1, 0, 0, 2),
(79, 8471112300, 80, 1, 1, 1, 1),
(80, 8471112301, 81, 1, 0, 0, 2),
(81, 8471112302, 82, 1, 1, 1, 1),
(82, 8471112303, 83, 1, 0, 0, 2),
(83, 8471112304, 84, 1, 1, 1, 1),
(84, 8471112305, 85, 1, 0, 0, 2),
(85, 8471112306, 86, 1, 1, 1, 1),
(86, 8471112307, 87, 1, 0, 0, 2),
(87, 8471112308, 88, 1, 1, 1, 1),
(88, 8471112309, 89, 1, 0, 0, 2),
(89, 8471112310, 90, 1, 1, 1, 1),
(90, 8471112311, 91, 1, 0, 0, 2),
(91, 8471112312, 92, 1, 1, 1, 1),
(92, 8471112313, 93, 1, 0, 0, 2),
(93, 8471112314, 94, 1, 1, 1, 1),
(94, 8471112315, 95, 1, 0, 0, 2),
(95, 8471112316, 96, 1, 1, 1, 1),
(96, 8471112317, 97, 1, 0, 0, 2),
(97, 8471112318, 98, 1, 1, 1, 1),
(98, 8471112319, 99, 1, 0, 0, 2),
(99, 8471112320, 100, 1, 1, 1, 1),
(100, 8471112321, 101, 1, 0, 0, 2),
(101, 8471112322, 102, 1, 1, 1, 1),
(102, 8471112323, 103, 1, 0, 0, 2),
(103, 8471112324, 104, 1, 1, 1, 1),
(104, 8471112325, 105, 1, 0, 0, 2),
(105, 8471112326, 106, 1, 1, 1, 1),
(106, 8471112327, 107, 1, 0, 0, 2),
(107, 8471112328, 108, 1, 1, 1, 1),
(108, 8471112329, 109, 1, 0, 0, 2),
(109, 8471112330, 110, 1, 1, 1, 1),
(110, 8471112331, 111, 1, 0, 0, 2),
(111, 8471112332, 112, 1, 1, 1, 1),
(112, 8471112333, 113, 1, 0, 0, 2),
(113, 8471112334, 114, 1, 1, 1, 1),
(114, 8471112335, 115, 1, 0, 0, 2),
(115, 8471112336, 116, 1, 1, 1, 1),
(116, 8471112337, 117, 1, 0, 0, 2),
(117, 8471112338, 118, 1, 1, 1, 1),
(118, 8471112339, 119, 1, 0, 0, 2),
(119, 8471112340, 120, 1, 1, 1, 1),
(120, 8471112341, 121, 1, 0, 0, 2),
(121, 8471112342, 122, 1, 1, 1, 1),
(122, 8471112343, 123, 1, 0, 0, 2),
(123, 8471112344, 124, 1, 1, 1, 1),
(124, 8471112345, 125, 1, 0, 0, 2),
(125, 8471112346, 126, 1, 1, 1, 1),
(126, 8471112347, 127, 1, 0, 0, 2),
(127, 8471112348, 128, 1, 1, 1, 1),
(128, 8471112349, 129, 1, 0, 0, 2),
(129, 8471112350, 130, 1, 1, 1, 1),
(130, 8471112351, 131, 1, 0, 0, 2),
(131, 8471112352, 132, 1, 1, 1, 1),
(132, 8471112353, 133, 1, 0, 0, 2),
(133, 8471112354, 134, 1, 1, 1, 1),
(134, 8471112355, 135, 1, 0, 0, 2),
(135, 8471112356, 136, 1, 1, 1, 1),
(136, 8471112357, 137, 1, 0, 0, 2),
(137, 8471112358, 138, 1, 1, 1, 1),
(138, 8471112359, 139, 1, 0, 0, 2),
(139, 8471112360, 140, 1, 1, 1, 1),
(140, 8471112361, 141, 1, 0, 0, 2),
(141, 8471112362, 142, 1, 1, 1, 1),
(142, 8471112363, 143, 1, 0, 0, 2),
(143, 8471112364, 144, 1, 1, 1, 1),
(144, 8471112365, 145, 1, 0, 0, 2),
(145, 8471112366, 146, 1, 1, 1, 1),
(146, 8471112367, 147, 1, 0, 0, 2),
(147, 8471112368, 148, 1, 1, 1, 1),
(148, 8471112369, 149, 1, 0, 0, 2),
(149, 8471112370, 150, 1, 1, 1, 1),
(150, 8471112371, 151, 1, 0, 0, 2),
(151, 8471112372, 152, 1, 1, 1, 1),
(152, 8471112373, 153, 1, 0, 0, 2),
(153, 8471112374, 154, 1, 1, 1, 1),
(154, 8471112375, 155, 1, 0, 0, 2),
(155, 8471112376, 156, 1, 1, 1, 1),
(156, 8471112377, 157, 1, 0, 0, 2),
(157, 8471112378, 158, 1, 1, 1, 1),
(158, 8471112379, 159, 1, 0, 0, 2),
(159, 8471112380, 160, 1, 1, 1, 1),
(160, 8471112381, 161, 1, 0, 0, 2),
(161, 8471112382, 162, 1, 1, 1, 1),
(162, 8471112383, 163, 1, 0, 0, 2),
(163, 8471112384, 164, 1, 1, 1, 1),
(164, 8471112385, 165, 1, 0, 0, 2),
(165, 8471112386, 166, 1, 1, 1, 1),
(166, 8471112387, 167, 1, 0, 0, 2),
(167, 8471112388, 168, 1, 1, 1, 1),
(168, 8471112389, 169, 1, 0, 0, 2),
(169, 8471112390, 170, 1, 1, 1, 1),
(170, 8471112391, 171, 1, 0, 0, 2),
(171, 8471112392, 172, 1, 1, 1, 1),
(172, 8471112393, 173, 1, 0, 0, 2),
(173, 8471112394, 174, 1, 1, 1, 1),
(174, 8471112395, 175, 1, 0, 0, 2),
(175, 8471112396, 176, 1, 1, 1, 1),
(176, 8471112397, 177, 1, 0, 0, 2),
(177, 8471112398, 178, 1, 1, 1, 1),
(178, 8471112399, 179, 1, 0, 0, 2),
(179, 8471112400, 180, 1, 1, 1, 1),
(180, 8471112401, 181, 1, 0, 0, 2),
(181, 8471112402, 182, 1, 1, 1, 1),
(182, 8471112403, 183, 1, 0, 0, 2),
(183, 8471112404, 184, 1, 1, 1, 1),
(184, 8471112405, 185, 1, 0, 0, 2),
(185, 8471112406, 186, 1, 1, 1, 1),
(186, 8471112407, 187, 1, 0, 0, 2),
(187, 8471112408, 188, 1, 1, 1, 1),
(188, 8471112409, 189, 1, 0, 0, 2),
(189, 8471112410, 190, 1, 1, 1, 1),
(190, 8471112411, 191, 1, 0, 0, 2),
(191, 8471112412, 192, 1, 1, 1, 1),
(192, 8471112413, 193, 1, 0, 0, 2),
(193, 8471112414, 194, 1, 1, 1, 1),
(194, 8471112415, 195, 1, 0, 0, 2),
(195, 8471112416, 196, 1, 1, 1, 1),
(196, 8471112417, 197, 1, 0, 0, 2),
(197, 8471112418, 198, 1, 1, 1, 1),
(198, 8471112419, 199, 1, 0, 0, 2),
(199, 8471112420, 200, 1, 1, 1, 1),
(200, 8471112421, 201, 1, 0, 0, 2),
(201, 8471112422, 202, 1, 1, 1, 1),
(202, 8471112423, 203, 1, 0, 0, 2),
(203, 8471112424, 204, 1, 1, 1, 1),
(204, 8471112425, 205, 1, 0, 0, 2),
(205, 8471112426, 206, 1, 1, 1, 1),
(206, 8471112427, 207, 1, 0, 0, 2),
(207, 8471112428, 208, 1, 1, 1, 1),
(208, 8471112429, 209, 1, 0, 0, 2),
(209, 8471112430, 210, 1, 1, 1, 1),
(210, 8471112431, 211, 1, 0, 0, 2),
(211, 8471112432, 212, 1, 1, 1, 1),
(212, 8471112433, 213, 1, 0, 0, 2),
(213, 8471112434, 214, 1, 1, 1, 1),
(214, 8471112435, 215, 1, 0, 0, 2),
(215, 8471112436, 216, 1, 1, 1, 1),
(216, 8471112437, 217, 1, 0, 0, 2),
(217, 8471112438, 218, 1, 1, 1, 1),
(218, 8471112439, 219, 1, 0, 0, 2),
(219, 8471112440, 220, 1, 1, 1, 1),
(220, 8471112441, 221, 1, 0, 0, 2),
(221, 8471112442, 222, 1, 1, 1, 1),
(222, 8471112443, 223, 1, 0, 0, 2),
(223, 8471112444, 1, 1, 1, 1, 1),
(224, 8471112445, 2, 1, 0, 0, 2),
(225, 8471112446, 3, 1, 1, 1, 1),
(226, 8471112447, 4, 1, 0, 0, 2),
(227, 8471112448, 5, 1, 1, 1, 1),
(228, 8471112449, 6, 1, 0, 0, 2),
(229, 8471112450, 7, 1, 1, 1, 1),
(230, 8471112451, 8, 1, 0, 0, 2),
(231, 8471112452, 9, 1, 1, 1, 1),
(232, 8471112453, 10, 1, 0, 0, 2),
(233, 8471112454, 11, 1, 1, 1, 1),
(234, 8471112455, 12, 1, 0, 0, 2),
(235, 8471112456, 13, 1, 1, 1, 1),
(236, 8471112457, 14, 1, 0, 0, 2),
(237, 8471112458, 15, 1, 1, 1, 1),
(238, 8471112459, 16, 1, 0, 0, 2),
(239, 8471112460, 17, 1, 1, 1, 1),
(240, 8471112461, 18, 1, 0, 0, 2),
(241, 8471112462, 19, 1, 1, 1, 1),
(242, 8471112463, 20, 1, 0, 0, 2),
(243, 8471112464, 21, 1, 1, 1, 1),
(244, 8471112465, 22, 1, 0, 0, 2),
(245, 8471112466, 23, 1, 1, 1, 1),
(246, 8471112467, 24, 1, 0, 0, 2),
(247, 8471112468, 25, 1, 1, 1, 1),
(248, 8471112469, 26, 1, 0, 0, 2),
(249, 8471112470, 27, 1, 1, 1, 1),
(250, 8471112471, 28, 1, 0, 0, 2),
(251, 8471112472, 29, 1, 1, 1, 1),
(252, 8471112473, 30, 1, 0, 0, 2),
(253, 8471112474, 31, 1, 1, 1, 1),
(254, 8471112475, 32, 1, 0, 0, 2),
(255, 8471112476, 33, 1, 1, 1, 1),
(256, 8471112477, 34, 1, 0, 0, 2),
(257, 8471112478, 35, 1, 1, 1, 1),
(258, 8471112479, 36, 1, 0, 0, 2),
(259, 8471112480, 37, 1, 1, 1, 1),
(260, 8471112481, 38, 1, 0, 0, 2),
(261, 8471112482, 39, 1, 1, 1, 1),
(262, 8471112483, 40, 1, 0, 0, 2),
(263, 8471112484, 41, 1, 1, 1, 1),
(264, 8471112485, 42, 1, 0, 0, 2),
(265, 8471112486, 43, 1, 1, 1, 1),
(266, 8471112487, 44, 1, 0, 0, 2),
(267, 8471112488, 45, 1, 1, 1, 1),
(268, 8471112489, 46, 1, 0, 0, 2),
(269, 8471112490, 47, 1, 1, 1, 1),
(270, 8471112491, 48, 1, 0, 0, 2),
(271, 8471112492, 49, 1, 1, 1, 1),
(272, 8471112493, 50, 1, 0, 0, 2),
(273, 8471112494, 51, 1, 1, 1, 1),
(274, 8471112495, 52, 1, 0, 0, 2),
(275, 8471112496, 53, 1, 1, 1, 1),
(276, 8471112497, 54, 1, 0, 0, 2),
(277, 8471112498, 55, 1, 1, 1, 1),
(278, 8471112499, 56, 1, 0, 0, 2),
(279, 8471112500, 57, 1, 1, 1, 1),
(280, 8471112501, 58, 1, 0, 0, 2),
(281, 8471112502, 59, 1, 1, 1, 1),
(282, 8471112503, 60, 1, 0, 0, 2),
(283, 8471112504, 61, 1, 1, 1, 1),
(284, 8471112505, 62, 1, 0, 0, 2),
(285, 8471112506, 63, 1, 1, 1, 1),
(286, 8471112507, 64, 1, 0, 0, 2),
(287, 8471112508, 65, 1, 1, 1, 1),
(288, 8471112509, 66, 1, 0, 0, 2),
(289, 8471112510, 67, 1, 1, 1, 1),
(290, 8471112511, 68, 1, 0, 0, 2),
(291, 8471112512, 69, 1, 1, 1, 1),
(292, 8471112513, 70, 1, 0, 0, 2),
(293, 8471112514, 71, 1, 1, 1, 1),
(294, 8471112515, 72, 1, 0, 0, 2),
(295, 8471112516, 73, 1, 1, 1, 1),
(296, 8471112517, 74, 1, 0, 0, 2),
(297, 8471112518, 75, 1, 1, 1, 1),
(298, 8471112519, 76, 1, 0, 0, 2),
(299, 8471112520, 77, 1, 1, 1, 1),
(300, 8471112521, 78, 1, 0, 0, 2),
(301, 8471112522, 79, 1, 1, 1, 1),
(302, 8471112523, 80, 1, 0, 0, 2),
(303, 8471112524, 81, 1, 1, 1, 1),
(304, 8471112525, 82, 1, 0, 0, 2),
(305, 8471112526, 83, 1, 1, 1, 1),
(306, 8471112527, 84, 1, 0, 0, 2),
(307, 8471112528, 85, 1, 1, 1, 1),
(308, 8471112529, 86, 1, 0, 0, 2),
(309, 8471112530, 87, 1, 1, 1, 1),
(310, 8471112531, 88, 1, 0, 0, 2),
(311, 8471112532, 89, 1, 1, 1, 1),
(312, 8471112533, 90, 1, 0, 0, 2),
(313, 8471112534, 91, 1, 1, 1, 1),
(314, 8471112535, 92, 1, 0, 0, 2),
(315, 8471112536, 93, 1, 1, 1, 1),
(316, 8471112537, 94, 1, 0, 0, 2),
(317, 8471112538, 95, 1, 1, 1, 1),
(318, 8471112539, 96, 1, 0, 0, 2),
(319, 8471112540, 97, 1, 1, 1, 1),
(320, 8471112541, 98, 1, 0, 0, 2),
(321, 8471112542, 99, 1, 1, 1, 1),
(322, 8471112543, 100, 1, 0, 0, 2),
(323, 8471112544, 101, 1, 1, 1, 1),
(324, 8471112545, 102, 1, 0, 0, 2),
(325, 8471112546, 103, 1, 1, 1, 1),
(326, 8471112547, 104, 1, 0, 0, 2),
(327, 8471112548, 105, 1, 1, 1, 1),
(328, 8471112549, 106, 1, 0, 0, 2),
(329, 8471112550, 107, 1, 1, 1, 1),
(330, 8471112551, 108, 1, 0, 0, 2),
(331, 8471112552, 109, 1, 1, 1, 1),
(332, 8471112553, 110, 1, 0, 0, 2),
(333, 8471112554, 111, 1, 1, 1, 1),
(334, 8471112555, 112, 1, 0, 0, 2),
(335, 8471112556, 113, 1, 1, 1, 1),
(336, 8471112557, 114, 1, 0, 0, 2),
(337, 8471112558, 115, 1, 1, 1, 1),
(338, 8471112559, 116, 1, 0, 0, 2),
(339, 8471112560, 117, 1, 1, 1, 1),
(340, 8471112561, 118, 1, 0, 0, 2),
(341, 8471112562, 119, 1, 1, 1, 1),
(342, 8471112563, 120, 1, 0, 0, 2),
(343, 8471112564, 121, 1, 1, 1, 1),
(344, 8471112565, 122, 1, 0, 0, 2),
(345, 8471112566, 123, 1, 1, 1, 1),
(346, 8471112567, 124, 1, 0, 0, 2),
(347, 8471112568, 125, 1, 1, 1, 1),
(348, 8471112569, 126, 1, 0, 0, 2),
(349, 8471112570, 127, 1, 1, 1, 1),
(350, 8471112571, 128, 1, 0, 0, 2),
(351, 8471112572, 129, 1, 1, 1, 1),
(352, 8471112573, 130, 1, 0, 0, 2),
(353, 8471112574, 131, 1, 1, 1, 1),
(354, 8471112575, 132, 1, 0, 0, 2),
(355, 8471112576, 133, 1, 1, 1, 1),
(356, 8471112577, 134, 1, 0, 0, 2),
(357, 8471112578, 135, 1, 1, 1, 1),
(358, 8471112579, 136, 1, 0, 0, 2),
(359, 8471112580, 137, 1, 1, 1, 1),
(360, 8471112581, 138, 1, 0, 0, 2),
(361, 8471112582, 139, 1, 1, 1, 1),
(362, 8471112583, 140, 1, 0, 0, 2),
(363, 8471112584, 141, 1, 1, 1, 1),
(364, 8471112585, 142, 1, 0, 0, 2),
(365, 8471112586, 143, 1, 1, 1, 1),
(366, 8471112587, 144, 1, 0, 0, 2),
(367, 8471112588, 145, 1, 1, 1, 1),
(368, 8471112589, 146, 1, 0, 0, 2),
(369, 8471112590, 147, 1, 1, 1, 1),
(370, 8471112591, 148, 1, 0, 0, 2),
(371, 8471112592, 149, 1, 1, 1, 1),
(372, 8471112593, 150, 1, 0, 0, 2),
(373, 8471112594, 151, 1, 1, 1, 1),
(374, 8471112595, 152, 1, 0, 0, 2),
(375, 8471112596, 153, 1, 1, 1, 1),
(376, 8471112597, 154, 1, 0, 0, 2),
(377, 8471112598, 155, 1, 1, 1, 1),
(378, 8471112599, 156, 1, 0, 0, 2),
(379, 8471112600, 157, 1, 1, 1, 1),
(380, 8471112601, 158, 1, 0, 0, 2),
(381, 8471112602, 159, 1, 1, 1, 1),
(382, 8471112603, 160, 1, 0, 0, 2),
(383, 8471112604, 161, 1, 1, 1, 1),
(384, 8471112605, 162, 1, 0, 0, 2),
(385, 8471112606, 163, 1, 1, 1, 1),
(386, 8471112607, 164, 1, 0, 0, 2),
(387, 8471112608, 165, 1, 1, 1, 1),
(388, 8471112609, 166, 1, 0, 0, 2),
(389, 8471112610, 167, 1, 1, 1, 1),
(390, 8471112611, 168, 1, 0, 0, 2),
(391, 8471112612, 169, 1, 1, 1, 1),
(392, 8471112613, 170, 1, 0, 0, 2),
(393, 8471112614, 171, 1, 1, 1, 1),
(394, 8471112615, 172, 1, 0, 0, 2),
(395, 8471112616, 173, 1, 1, 1, 1),
(396, 8471112617, 174, 1, 0, 0, 2),
(397, 8471112618, 175, 1, 1, 1, 1),
(398, 8471112619, 176, 1, 0, 0, 2),
(399, 8471112620, 177, 1, 1, 1, 1),
(400, 8471112621, 178, 1, 0, 0, 2),
(401, 8471112622, 179, 1, 1, 1, 1),
(402, 8471112623, 180, 1, 0, 0, 2),
(403, 8471112624, 181, 1, 1, 1, 1),
(404, 8471112625, 182, 1, 0, 0, 2),
(405, 8471112626, 183, 1, 1, 1, 1),
(406, 8471112627, 184, 1, 0, 0, 2),
(407, 8471112628, 185, 1, 1, 1, 1),
(408, 8471112629, 186, 1, 0, 0, 2),
(409, 8471112630, 187, 1, 1, 1, 1),
(410, 8471112631, 188, 1, 0, 0, 2),
(411, 8471112632, 189, 1, 1, 1, 1),
(412, 8471112633, 190, 1, 0, 0, 2),
(413, 8471112634, 191, 1, 1, 1, 1),
(414, 8471112635, 192, 1, 0, 0, 2),
(415, 8471112636, 193, 1, 1, 1, 1),
(416, 8471112637, 194, 1, 0, 0, 2),
(417, 8471112638, 195, 1, 1, 1, 1),
(418, 8471112639, 196, 1, 0, 0, 2),
(419, 8471112640, 197, 1, 1, 1, 1),
(420, 8471112641, 198, 1, 0, 0, 2),
(421, 8471112642, 199, 1, 1, 1, 1),
(422, 8471112643, 200, 1, 0, 0, 2),
(423, 8471112644, 201, 1, 1, 1, 1),
(424, 8471112645, 202, 1, 0, 0, 2),
(425, 8471112646, 203, 1, 1, 1, 1),
(426, 8471112647, 204, 1, 0, 0, 2),
(427, 8471112648, 205, 1, 1, 1, 1),
(428, 8471112649, 206, 1, 0, 0, 2),
(429, 8471112650, 207, 1, 1, 1, 1),
(430, 8471112651, 208, 1, 0, 0, 2),
(431, 8471112652, 209, 1, 1, 1, 1),
(432, 8471112653, 210, 1, 0, 0, 2),
(433, 8471112654, 211, 1, 1, 1, 1),
(434, 8471112655, 212, 1, 0, 0, 2),
(435, 8471112656, 213, 1, 1, 1, 1),
(436, 8471112657, 214, 1, 0, 0, 2),
(437, 8471112658, 215, 1, 1, 1, 1),
(438, 8471112659, 216, 1, 0, 0, 2),
(439, 8471112660, 217, 1, 1, 1, 1),
(440, 8471112661, 218, 1, 0, 0, 2),
(441, 8471112662, 219, 1, 1, 1, 1),
(442, 8471112663, 220, 1, 0, 0, 2),
(443, 8471112664, 221, 1, 1, 1, 1),
(444, 8471112665, 222, 1, 0, 0, 2),
(445, 8471112666, 223, 1, 1, 1, 1),
(446, 8471112667, 1, 1, 0, 0, 2),
(447, 8471112668, 2, 1, 1, 1, 1),
(448, 8471112669, 3, 1, 0, 0, 2),
(449, 8471112670, 4, 1, 1, 1, 1),
(450, 8471112671, 5, 1, 0, 0, 2),
(451, 8471112672, 6, 1, 1, 1, 1),
(452, 8471112673, 7, 1, 0, 0, 2),
(453, 8471112674, 8, 1, 1, 1, 1),
(454, 8471112675, 9, 1, 0, 0, 2),
(455, 8471112676, 10, 1, 1, 1, 1),
(456, 8471112677, 11, 1, 0, 0, 2),
(457, 8471112678, 12, 1, 1, 1, 1),
(458, 8471112679, 13, 1, 0, 0, 2),
(459, 8471112680, 14, 1, 1, 1, 1),
(460, 8471112681, 15, 1, 0, 0, 2),
(461, 8471112682, 16, 1, 1, 1, 1),
(462, 8471112683, 17, 1, 0, 0, 2),
(463, 8471112684, 18, 1, 1, 1, 1),
(464, 8471112685, 19, 1, 0, 0, 2),
(465, 8471112686, 20, 1, 1, 1, 1),
(466, 8471112687, 21, 1, 0, 0, 2),
(467, 8471112688, 22, 1, 1, 1, 1),
(468, 8471112689, 23, 1, 0, 0, 2),
(469, 8471112690, 24, 1, 1, 1, 1),
(470, 8471112691, 25, 1, 0, 0, 2),
(471, 8471112692, 26, 1, 1, 1, 1),
(472, 8471112693, 27, 1, 0, 0, 2),
(473, 8471112694, 28, 1, 1, 1, 1),
(474, 8471112695, 29, 1, 0, 0, 2),
(475, 8471112696, 30, 1, 1, 1, 1),
(476, 8471112697, 31, 1, 0, 0, 2),
(477, 8471112698, 32, 1, 1, 1, 1),
(478, 8471112699, 33, 1, 0, 0, 2),
(479, 8471112700, 34, 1, 1, 1, 1),
(480, 8471112701, 35, 1, 0, 0, 2),
(481, 8471112702, 36, 1, 1, 1, 1),
(482, 8471112703, 37, 1, 0, 0, 2),
(483, 8471112704, 38, 1, 1, 1, 1),
(484, 8471112705, 39, 1, 0, 0, 2),
(485, 8471112706, 40, 1, 1, 1, 1),
(486, 8471112707, 41, 1, 0, 0, 2),
(487, 8471112708, 42, 1, 1, 1, 1),
(488, 8471112709, 43, 1, 0, 0, 2),
(489, 8471112710, 44, 1, 1, 1, 1),
(490, 8471112711, 45, 1, 0, 0, 2),
(491, 8471112712, 46, 1, 1, 1, 1),
(492, 8471112713, 47, 1, 0, 0, 2),
(493, 8471112714, 48, 1, 1, 1, 1),
(494, 8471112715, 49, 1, 0, 0, 2),
(495, 8471112716, 50, 1, 1, 1, 1),
(496, 8471112717, 51, 1, 0, 0, 2),
(497, 8471112718, 52, 1, 1, 1, 1),
(498, 8471112719, 53, 1, 0, 0, 2),
(499, 8471112720, 54, 1, 1, 1, 1),
(500, 8471112721, 55, 1, 0, 0, 2),
(501, 8471112722, 56, 1, 1, 1, 1),
(502, 8471112723, 57, 1, 0, 0, 2),
(503, 8471112724, 58, 1, 1, 1, 1),
(504, 8471112725, 59, 1, 0, 0, 2),
(505, 8471112726, 60, 1, 1, 1, 1),
(506, 8471112727, 61, 1, 0, 0, 2),
(507, 8471112728, 62, 1, 1, 1, 1),
(508, 8471112729, 63, 1, 0, 0, 2),
(509, 8471112730, 64, 1, 1, 1, 1),
(510, 8471112731, 65, 1, 0, 0, 2),
(511, 8471112732, 66, 1, 1, 1, 1),
(512, 8471112733, 67, 1, 0, 0, 2),
(513, 8471112734, 68, 1, 1, 1, 1),
(514, 8471112735, 69, 1, 0, 0, 2),
(515, 8471112736, 70, 1, 1, 1, 1),
(516, 8471112737, 71, 1, 0, 0, 2),
(517, 8471112738, 72, 1, 1, 1, 1),
(518, 8471112739, 73, 1, 0, 0, 2),
(519, 8471112740, 74, 1, 1, 1, 1),
(520, 8471112741, 75, 1, 0, 0, 2),
(521, 8471112742, 76, 1, 1, 1, 1),
(522, 8471112743, 77, 1, 0, 0, 2),
(523, 8471112744, 78, 1, 1, 1, 1),
(524, 8471112745, 79, 1, 0, 0, 2),
(525, 8471112746, 80, 1, 1, 1, 1),
(526, 8471112747, 81, 1, 0, 0, 2),
(527, 8471112748, 82, 1, 1, 1, 1),
(528, 8471112749, 83, 1, 0, 0, 2),
(529, 8471112750, 84, 1, 1, 1, 1),
(530, 8471112751, 85, 1, 0, 0, 2),
(531, 8471112752, 86, 1, 1, 1, 1),
(532, 8471112753, 87, 1, 0, 0, 2),
(533, 8471112754, 88, 1, 1, 1, 1),
(534, 8471112755, 89, 1, 0, 0, 2),
(535, 8471112756, 90, 1, 1, 1, 1),
(536, 8471112757, 91, 1, 0, 0, 2),
(537, 8471112758, 92, 1, 1, 1, 1),
(538, 8471112759, 93, 1, 0, 0, 2),
(539, 8471112760, 94, 1, 1, 1, 1),
(540, 8471112761, 95, 1, 0, 0, 2),
(541, 8471112762, 96, 1, 1, 1, 1),
(542, 8471112763, 97, 1, 0, 0, 2),
(543, 8471112764, 98, 1, 1, 1, 1),
(544, 8471112765, 99, 1, 0, 0, 2),
(545, 8471112766, 100, 1, 1, 1, 1),
(546, 8471112767, 101, 1, 0, 0, 2),
(547, 8471112768, 102, 1, 1, 1, 1),
(548, 8471112769, 103, 1, 0, 0, 2),
(549, 8471112770, 104, 1, 1, 1, 1),
(550, 8471112771, 105, 1, 0, 0, 2),
(551, 8471112772, 106, 1, 1, 1, 1),
(552, 8471112773, 107, 1, 0, 0, 2),
(553, 8471112774, 108, 1, 1, 1, 1),
(554, 8471112775, 109, 1, 0, 0, 2),
(555, 8471112776, 110, 1, 1, 1, 1),
(556, 8471112777, 111, 1, 0, 0, 2),
(557, 8471112778, 112, 1, 1, 1, 1),
(558, 8471112779, 113, 1, 0, 0, 2),
(559, 8471112780, 114, 1, 1, 1, 1),
(560, 8471112781, 115, 1, 0, 0, 2),
(561, 8471112782, 116, 1, 1, 1, 1),
(562, 8471112783, 117, 1, 0, 0, 2),
(563, 8471112784, 118, 1, 1, 1, 1),
(564, 8471112785, 119, 1, 0, 0, 2),
(565, 8471112786, 120, 1, 1, 1, 1),
(566, 8471112787, 121, 1, 0, 0, 2),
(567, 8471112788, 122, 1, 1, 1, 1),
(568, 8471112789, 123, 1, 0, 0, 2),
(569, 8471112790, 124, 1, 1, 1, 1),
(570, 8471112791, 125, 1, 0, 0, 2),
(571, 8471112792, 126, 1, 1, 1, 1),
(572, 8471112793, 127, 1, 0, 0, 2),
(573, 8471112794, 128, 1, 1, 1, 1),
(574, 8471112795, 129, 1, 0, 0, 2),
(575, 8471112796, 130, 1, 1, 1, 1),
(576, 8471112797, 131, 1, 0, 0, 2),
(577, 8471112798, 132, 1, 1, 1, 1),
(578, 8471112799, 133, 1, 0, 0, 2),
(579, 8471112800, 134, 1, 1, 1, 1),
(580, 8471112801, 135, 1, 0, 0, 2),
(581, 8471112802, 136, 1, 1, 1, 1),
(582, 8471112803, 137, 1, 0, 0, 2),
(583, 8471112804, 138, 1, 1, 1, 1),
(584, 8471112805, 139, 1, 0, 0, 2),
(585, 8471112806, 140, 1, 1, 1, 1),
(586, 8471112807, 141, 1, 0, 0, 2),
(587, 8471112808, 142, 1, 1, 1, 1),
(588, 8471112809, 143, 1, 0, 0, 2),
(589, 8471112810, 144, 1, 1, 1, 1),
(590, 8471112811, 145, 1, 0, 0, 2),
(591, 8471112812, 146, 1, 1, 1, 1),
(592, 8471112813, 147, 1, 0, 0, 2),
(593, 8471112814, 148, 1, 1, 1, 1),
(594, 8471112815, 149, 1, 0, 0, 2),
(595, 8471112816, 150, 1, 1, 1, 1),
(596, 8471112817, 151, 1, 0, 0, 2),
(597, 8471112818, 152, 1, 1, 1, 1),
(598, 8471112819, 153, 1, 0, 0, 2),
(599, 8471112820, 154, 1, 1, 1, 1),
(600, 8471112821, 155, 1, 0, 0, 2),
(601, 8471112822, 156, 1, 1, 1, 1),
(602, 8471112823, 157, 1, 0, 0, 2),
(603, 8471112824, 158, 1, 1, 1, 1),
(604, 8471112825, 159, 1, 0, 0, 2),
(605, 8471112826, 160, 1, 1, 1, 1),
(606, 8471112827, 161, 1, 0, 0, 2),
(607, 8471112828, 162, 1, 1, 1, 1),
(608, 8471112829, 163, 1, 0, 0, 2),
(609, 8471112830, 164, 1, 1, 1, 1),
(610, 8471112831, 165, 1, 0, 0, 2),
(611, 8471112832, 166, 1, 1, 1, 1),
(612, 8471112833, 167, 1, 0, 0, 2),
(613, 8471112834, 168, 1, 1, 1, 1),
(614, 8471112835, 169, 1, 0, 0, 2),
(615, 8471112836, 170, 1, 1, 1, 1),
(616, 8471112837, 171, 1, 0, 0, 2),
(617, 8471112838, 172, 1, 1, 1, 1),
(618, 8471112839, 173, 1, 0, 0, 2),
(619, 8471112840, 174, 1, 1, 1, 1),
(620, 8471112841, 175, 1, 0, 0, 2),
(621, 8471112842, 176, 1, 1, 1, 1),
(622, 8471112843, 177, 1, 0, 0, 2),
(623, 8471112844, 178, 1, 1, 1, 1),
(624, 8471112845, 179, 1, 0, 0, 2),
(625, 8471112846, 180, 1, 1, 1, 1),
(626, 8471112847, 181, 1, 0, 0, 2),
(627, 8471112848, 182, 1, 1, 1, 1),
(628, 8471112849, 183, 1, 0, 0, 2),
(629, 8471112850, 184, 1, 1, 1, 1),
(630, 8471112851, 185, 1, 0, 0, 2),
(631, 8471112852, 186, 1, 1, 1, 1),
(632, 8471112853, 187, 1, 0, 0, 2),
(633, 8471112854, 188, 1, 1, 1, 1),
(634, 8471112855, 189, 1, 0, 0, 2),
(635, 8471112856, 190, 1, 1, 1, 1),
(636, 8471112857, 191, 1, 0, 0, 2),
(637, 8471112858, 192, 1, 1, 1, 1),
(638, 8471112859, 193, 1, 0, 0, 2),
(639, 8471112860, 194, 1, 1, 1, 1),
(640, 8471112861, 195, 1, 0, 0, 2),
(641, 8471112862, 196, 1, 1, 1, 1),
(642, 8471112863, 197, 1, 0, 0, 2),
(643, 8471112864, 198, 1, 1, 1, 1),
(644, 8471112865, 199, 1, 0, 0, 2),
(645, 8471112866, 200, 1, 1, 1, 1),
(646, 8471112867, 201, 1, 0, 0, 2),
(647, 8471112868, 202, 1, 1, 1, 1),
(648, 8471112869, 203, 1, 0, 0, 2),
(649, 8471112870, 204, 1, 1, 1, 1),
(650, 8471112871, 205, 1, 0, 0, 2),
(651, 8471112872, 206, 1, 1, 1, 1),
(652, 8471112873, 207, 1, 0, 0, 2),
(653, 8471112874, 208, 1, 1, 1, 1),
(654, 8471112875, 209, 1, 0, 0, 2),
(655, 8471112876, 210, 1, 1, 1, 1),
(656, 8471112877, 211, 1, 0, 0, 2),
(657, 8471112878, 212, 1, 1, 1, 1),
(658, 8471112879, 213, 1, 0, 0, 2),
(659, 8471112880, 214, 1, 1, 1, 1),
(660, 8471112881, 215, 1, 0, 0, 2),
(661, 8471112882, 216, 1, 1, 1, 1),
(662, 8471112883, 217, 1, 0, 0, 2),
(663, 8471112884, 218, 1, 1, 1, 1),
(664, 8471112885, 219, 1, 0, 0, 2),
(665, 8471112886, 220, 1, 1, 1, 1),
(666, 8471112887, 221, 1, 0, 0, 2),
(667, 8471112888, 222, 1, 1, 1, 1),
(668, 8471112889, 223, 1, 0, 0, 2),
(669, 8471112890, 1, 1, 1, 1, 1),
(670, 8471112891, 2, 1, 0, 0, 2),
(671, 8471112892, 3, 1, 1, 1, 1),
(672, 8471112893, 4, 1, 0, 0, 2),
(673, 8471112894, 5, 1, 1, 1, 1),
(674, 8471112895, 6, 1, 0, 0, 2),
(675, 8471112896, 7, 1, 1, 1, 1),
(676, 8471112897, 8, 1, 0, 0, 2),
(677, 8471112898, 9, 1, 1, 1, 1),
(678, 8471112899, 10, 1, 0, 0, 2),
(679, 8471112900, 11, 1, 1, 1, 1),
(680, 8471112901, 12, 1, 0, 0, 2),
(681, 8471112902, 13, 1, 1, 1, 1),
(682, 8471112903, 14, 1, 0, 0, 2),
(683, 8471112904, 15, 1, 1, 1, 1),
(684, 8471112905, 16, 1, 0, 0, 2),
(685, 8471112906, 17, 1, 1, 1, 1),
(686, 8471112907, 18, 1, 0, 0, 2),
(687, 8471112908, 19, 1, 1, 1, 1),
(688, 8471112909, 20, 1, 0, 0, 2),
(689, 8471112910, 21, 1, 1, 1, 1),
(690, 8471112911, 22, 1, 0, 0, 2),
(691, 8471112912, 23, 1, 1, 1, 1),
(692, 8471112913, 24, 1, 0, 0, 2),
(693, 8471112914, 25, 1, 1, 1, 1),
(694, 8471112915, 26, 1, 0, 0, 2),
(695, 8471112916, 27, 1, 1, 1, 1),
(696, 8471112917, 28, 1, 0, 0, 2),
(697, 8471112918, 29, 1, 1, 1, 1),
(698, 8471112919, 30, 1, 0, 0, 2),
(699, 8471112920, 31, 1, 1, 1, 1),
(700, 8471112921, 32, 1, 0, 0, 2),
(701, 8471112922, 33, 1, 1, 1, 1),
(702, 8471112923, 34, 1, 0, 0, 2),
(703, 8471112924, 35, 1, 1, 1, 1),
(704, 8471112925, 36, 1, 0, 0, 2),
(705, 8471112926, 37, 1, 1, 1, 1),
(706, 8471112927, 38, 1, 0, 0, 2),
(707, 8471112928, 39, 1, 1, 1, 1),
(708, 8471112929, 40, 1, 0, 0, 2),
(709, 8471112930, 41, 1, 1, 1, 1),
(710, 8471112931, 42, 1, 0, 0, 2),
(711, 8471112932, 43, 1, 1, 1, 1),
(712, 8471112933, 44, 1, 0, 0, 2),
(713, 8471112934, 45, 1, 1, 1, 1),
(714, 8471112935, 46, 1, 0, 0, 2),
(715, 8471112936, 47, 1, 1, 1, 1),
(716, 8471112937, 48, 1, 0, 0, 2),
(717, 8471112938, 49, 1, 1, 1, 1),
(718, 8471112939, 50, 1, 0, 0, 2),
(719, 8471112940, 51, 1, 1, 1, 1),
(720, 8471112941, 52, 1, 0, 0, 2),
(721, 8471112942, 53, 1, 1, 1, 1),
(722, 8471112943, 54, 1, 0, 0, 2),
(723, 8471112944, 55, 1, 1, 1, 1),
(724, 8471112945, 56, 1, 0, 0, 2),
(725, 8471112946, 57, 1, 1, 1, 1),
(726, 8471112947, 58, 1, 0, 0, 2),
(727, 8471112948, 59, 1, 1, 1, 1),
(728, 8471112949, 60, 1, 0, 0, 2),
(729, 8471112950, 61, 1, 1, 1, 1),
(730, 8471112951, 62, 1, 0, 0, 2),
(731, 8471112952, 63, 1, 1, 1, 1),
(732, 8471112953, 64, 1, 0, 0, 2),
(733, 8471112954, 65, 1, 1, 1, 1),
(734, 8471112955, 66, 1, 0, 0, 2),
(735, 8471112956, 67, 1, 1, 1, 1),
(736, 8471112957, 68, 1, 0, 0, 2),
(737, 8471112958, 69, 1, 1, 1, 1),
(738, 8471112959, 70, 1, 0, 0, 2),
(739, 8471112960, 71, 1, 1, 1, 1),
(740, 8471112961, 72, 1, 0, 0, 2),
(741, 8471112962, 73, 1, 1, 1, 1),
(742, 8471112963, 74, 1, 0, 0, 2),
(743, 8471112964, 75, 1, 1, 1, 1),
(744, 8471112965, 76, 1, 0, 0, 2),
(745, 8471112966, 77, 1, 1, 1, 1),
(746, 8471112967, 78, 1, 0, 0, 2),
(747, 8471112968, 79, 1, 1, 1, 1),
(748, 8471112969, 80, 1, 0, 0, 2),
(749, 8471112970, 81, 1, 1, 1, 1),
(750, 8471112971, 82, 1, 0, 0, 2),
(751, 8471112972, 83, 1, 1, 1, 1),
(752, 8471112973, 84, 1, 0, 0, 2),
(753, 8471112974, 85, 1, 1, 1, 1),
(754, 8471112975, 86, 1, 0, 0, 2),
(755, 8471112976, 87, 1, 1, 1, 1),
(756, 8471112977, 88, 1, 0, 0, 2),
(757, 8471112978, 89, 1, 1, 1, 1),
(758, 8471112979, 90, 1, 0, 0, 2),
(759, 8471112980, 91, 1, 1, 1, 1),
(760, 8471112981, 92, 1, 0, 0, 2),
(761, 8471112982, 93, 1, 1, 1, 1),
(762, 8471112983, 94, 1, 0, 0, 2),
(763, 8471112984, 95, 1, 1, 1, 1),
(764, 8471112985, 96, 1, 0, 0, 2),
(765, 8471112986, 97, 1, 1, 1, 1),
(766, 8471112987, 98, 1, 0, 0, 2),
(767, 8471112988, 99, 1, 1, 1, 1),
(768, 8471112989, 100, 1, 0, 0, 2),
(769, 8471112990, 101, 1, 1, 1, 1),
(770, 8471112991, 102, 1, 0, 0, 2),
(771, 8471112992, 103, 1, 1, 1, 1),
(772, 8471112993, 104, 1, 0, 0, 2),
(773, 8471112994, 105, 1, 1, 1, 1),
(774, 8471112995, 106, 1, 0, 0, 2),
(775, 8471112996, 107, 1, 1, 1, 1),
(776, 8471112997, 108, 1, 0, 0, 2),
(777, 8471112998, 109, 1, 1, 1, 1),
(778, 8471112999, 110, 1, 0, 0, 2),
(779, 8471113000, 111, 1, 1, 1, 1),
(780, 8471113001, 112, 1, 0, 0, 2),
(781, 8471113002, 113, 1, 1, 1, 1),
(782, 8471113003, 114, 1, 0, 0, 2),
(783, 8471113004, 115, 1, 1, 1, 1),
(784, 8471113005, 116, 1, 0, 0, 2),
(785, 8471113006, 117, 1, 1, 1, 1),
(786, 8471113007, 118, 1, 0, 0, 2),
(787, 8471113008, 119, 1, 1, 1, 1),
(788, 8471113009, 120, 1, 0, 0, 2),
(789, 8471113010, 121, 1, 1, 1, 1),
(790, 8471113011, 122, 1, 0, 0, 2),
(791, 8471113012, 123, 1, 1, 1, 1),
(792, 8471113013, 124, 1, 0, 0, 2),
(793, 8471113014, 125, 1, 1, 1, 1),
(794, 8471113015, 126, 1, 0, 0, 2),
(795, 8471113016, 127, 1, 1, 1, 1),
(796, 8471113017, 128, 1, 0, 0, 2),
(797, 8471113018, 129, 1, 1, 1, 1),
(798, 8471113019, 130, 1, 0, 0, 2),
(799, 8471113020, 131, 1, 1, 1, 1),
(800, 8471113021, 132, 1, 0, 0, 2),
(801, 8471113022, 133, 1, 1, 1, 1),
(802, 8471113023, 134, 1, 0, 0, 2),
(803, 8471113024, 135, 1, 1, 1, 1),
(804, 8471113025, 136, 1, 0, 0, 2),
(805, 8471113026, 137, 1, 1, 1, 1),
(806, 8471113027, 138, 1, 0, 0, 2),
(807, 8471113028, 139, 1, 1, 1, 1),
(808, 8471113029, 140, 1, 0, 0, 2),
(809, 8471113030, 141, 1, 1, 1, 1),
(810, 8471113031, 142, 1, 0, 0, 2),
(811, 8471113032, 143, 1, 1, 1, 1),
(812, 8471113033, 144, 1, 0, 0, 2),
(813, 8471113034, 145, 1, 1, 1, 1),
(814, 8471113035, 146, 1, 0, 0, 2),
(815, 8471113036, 147, 1, 1, 1, 1),
(816, 8471113037, 148, 1, 0, 0, 2),
(817, 8471113038, 149, 1, 1, 1, 1),
(818, 8471113039, 150, 1, 0, 0, 2),
(819, 8471113040, 151, 1, 1, 1, 1),
(820, 8471113041, 152, 1, 0, 0, 2),
(821, 8471113042, 153, 1, 1, 1, 1),
(822, 8471113043, 154, 1, 0, 0, 2),
(823, 8471113044, 155, 1, 1, 1, 1),
(824, 8471113045, 156, 1, 0, 0, 2),
(825, 8471113046, 157, 1, 1, 1, 1),
(826, 8471113047, 158, 1, 0, 0, 2),
(827, 8471113048, 159, 1, 1, 1, 1),
(828, 8471113049, 160, 1, 0, 0, 2),
(829, 8471113050, 161, 1, 1, 1, 1),
(830, 8471113051, 162, 1, 0, 0, 2),
(831, 8471113052, 163, 1, 1, 1, 1),
(832, 8471113053, 164, 1, 0, 0, 2),
(833, 8471113054, 165, 1, 1, 1, 1),
(834, 8471113055, 166, 1, 0, 0, 2),
(835, 8471113056, 167, 1, 1, 1, 1),
(836, 8471113057, 168, 1, 0, 0, 2),
(837, 8471113058, 169, 1, 1, 1, 1),
(838, 8471113059, 170, 1, 0, 0, 2),
(839, 8471113060, 171, 1, 1, 1, 1),
(840, 8471113061, 172, 1, 0, 0, 2),
(841, 8471113062, 173, 1, 1, 1, 1),
(842, 8471113063, 174, 1, 0, 0, 2),
(843, 8471113064, 175, 1, 1, 1, 1),
(844, 8471113065, 176, 1, 0, 0, 2),
(845, 8471113066, 177, 1, 1, 1, 1),
(846, 8471113067, 178, 1, 0, 0, 2),
(847, 8471113068, 179, 1, 1, 1, 1),
(848, 8471113069, 180, 1, 0, 0, 2),
(849, 8471113070, 181, 1, 1, 1, 1),
(850, 8471113071, 182, 1, 0, 0, 2),
(851, 8471113072, 183, 1, 1, 1, 1),
(852, 8471113073, 184, 1, 0, 0, 2),
(853, 8471113074, 185, 1, 1, 1, 1),
(854, 8471113075, 186, 1, 0, 0, 2),
(855, 8471113076, 187, 1, 1, 1, 1),
(856, 8471113077, 188, 1, 0, 0, 2),
(857, 8471113078, 189, 1, 1, 1, 1),
(858, 8471113079, 190, 1, 0, 0, 2),
(859, 8471113080, 191, 1, 1, 1, 1),
(860, 8471113081, 192, 1, 0, 0, 2),
(861, 8471113082, 193, 1, 1, 1, 1),
(862, 8471113083, 194, 1, 0, 0, 2),
(863, 8471113084, 195, 1, 1, 1, 1),
(864, 8471113085, 196, 1, 0, 0, 2),
(865, 8471113086, 197, 1, 1, 1, 1),
(866, 8471113087, 198, 1, 0, 0, 2),
(867, 8471113088, 199, 1, 1, 1, 1),
(868, 8471113089, 200, 1, 0, 0, 2),
(869, 8471113090, 201, 1, 1, 1, 1),
(870, 8471113091, 202, 1, 0, 0, 2),
(871, 8471113092, 203, 1, 1, 1, 1),
(872, 8471113093, 204, 1, 0, 0, 2),
(873, 8471113094, 205, 1, 1, 1, 1),
(874, 8471113095, 206, 1, 0, 0, 2),
(875, 8471113096, 207, 1, 1, 1, 1),
(876, 8471113097, 208, 1, 0, 0, 2),
(877, 8471113098, 209, 1, 1, 1, 1),
(878, 8471113099, 210, 1, 0, 0, 2),
(879, 8471113100, 211, 1, 1, 1, 1),
(880, 8471113101, 212, 1, 0, 0, 2),
(881, 8471113102, 213, 1, 1, 1, 1),
(882, 8471113103, 214, 1, 0, 0, 2),
(883, 8471113104, 215, 1, 1, 1, 1),
(884, 8471113105, 216, 1, 0, 0, 2),
(885, 8471113106, 217, 1, 1, 1, 1),
(886, 8471113107, 218, 1, 0, 0, 2),
(887, 8471113108, 219, 1, 1, 1, 1),
(888, 8471113109, 220, 1, 0, 0, 2),
(889, 8471113110, 221, 1, 1, 1, 1),
(890, 8471113111, 222, 1, 0, 0, 2),
(891, 8471113112, 223, 1, 1, 1, 1),
(892, 8471113113, 1, 1, 0, 0, 2),
(893, 8471113114, 2, 1, 1, 1, 1),
(894, 8471113115, 3, 1, 0, 0, 2),
(895, 8471113116, 4, 1, 1, 1, 1),
(896, 8471113117, 5, 1, 0, 0, 2),
(897, 8471113118, 6, 1, 1, 1, 1),
(898, 8471113119, 7, 1, 0, 0, 2),
(899, 8471113120, 8, 1, 1, 1, 1),
(900, 8471113121, 9, 1, 0, 0, 2),
(901, 8471113122, 10, 1, 1, 1, 1),
(902, 8471113123, 11, 1, 0, 0, 2),
(903, 8471113124, 12, 1, 1, 1, 1),
(904, 8471113125, 13, 1, 0, 0, 2),
(905, 8471113126, 14, 1, 1, 1, 1),
(906, 8471113127, 15, 1, 0, 0, 2),
(907, 8471113128, 16, 1, 1, 1, 1),
(908, 8471113129, 17, 1, 0, 0, 2),
(909, 8471113130, 18, 1, 1, 1, 1),
(910, 8471113131, 19, 1, 0, 0, 2),
(911, 8471113132, 20, 1, 1, 1, 1),
(912, 8471113133, 21, 1, 0, 0, 2),
(913, 8471113134, 22, 1, 1, 1, 1),
(914, 8471113135, 23, 1, 0, 0, 2),
(915, 8471113136, 24, 1, 1, 1, 1),
(916, 8471113137, 25, 1, 0, 0, 2),
(917, 8471113138, 26, 1, 1, 1, 1),
(918, 8471113139, 27, 1, 0, 0, 2),
(919, 8471113140, 28, 1, 1, 1, 1),
(920, 8471113141, 29, 1, 0, 0, 2),
(921, 8471113142, 30, 1, 1, 1, 1),
(922, 8471113143, 31, 1, 0, 0, 2),
(923, 8471113144, 32, 1, 1, 1, 1),
(924, 8471113145, 33, 1, 0, 0, 2),
(925, 8471113146, 34, 1, 1, 1, 1),
(926, 8471113147, 35, 1, 0, 0, 2),
(927, 8471113148, 36, 1, 1, 1, 1),
(928, 8471113149, 37, 1, 0, 0, 2),
(929, 8471113150, 38, 1, 1, 1, 1),
(930, 8471113151, 39, 1, 0, 0, 2),
(931, 8471113152, 40, 1, 1, 1, 1),
(932, 8471113153, 41, 1, 0, 0, 2),
(933, 8471113154, 42, 1, 1, 1, 1),
(934, 8471113155, 43, 1, 0, 0, 2),
(935, 8471113156, 44, 1, 1, 1, 1),
(936, 8471113157, 45, 1, 0, 0, 2),
(937, 8471113158, 46, 1, 1, 1, 1),
(938, 8471113159, 47, 1, 0, 0, 2),
(939, 8471113160, 48, 1, 1, 1, 1),
(940, 8471113161, 49, 1, 0, 0, 2),
(941, 8471113162, 50, 1, 1, 1, 1),
(942, 8471113163, 51, 1, 0, 0, 2),
(943, 8471113164, 52, 1, 1, 1, 1),
(944, 8471113165, 53, 1, 0, 0, 2),
(945, 8471113166, 54, 1, 1, 1, 1),
(946, 8471113167, 55, 1, 0, 0, 2),
(947, 8471113168, 56, 1, 1, 1, 1),
(948, 8471113169, 57, 1, 0, 0, 2),
(949, 8471113170, 58, 1, 1, 1, 1),
(950, 8471113171, 59, 1, 0, 0, 2),
(951, 8471113172, 60, 1, 1, 1, 1),
(952, 8471113173, 61, 1, 0, 0, 2),
(953, 8471113174, 62, 1, 1, 1, 1),
(954, 8471113175, 63, 1, 0, 0, 2),
(955, 8471113176, 64, 1, 1, 1, 1),
(956, 8471113177, 65, 1, 0, 0, 2),
(957, 8471113178, 66, 1, 1, 1, 1),
(958, 8471113179, 67, 1, 0, 0, 2),
(959, 8471113180, 68, 1, 1, 1, 1),
(960, 8471113181, 69, 1, 0, 0, 2),
(961, 8471113182, 70, 1, 1, 1, 1),
(962, 8471113183, 71, 1, 0, 0, 2),
(963, 8471113184, 72, 1, 1, 1, 1),
(964, 8471113185, 73, 1, 0, 0, 2),
(965, 8471113186, 74, 1, 1, 1, 1),
(966, 8471113187, 75, 1, 0, 0, 2),
(967, 8471113188, 76, 1, 1, 1, 1),
(968, 8471113189, 77, 1, 0, 0, 2),
(969, 8471113190, 78, 1, 1, 1, 1),
(970, 8471113191, 79, 1, 0, 0, 2),
(971, 8471113192, 80, 1, 1, 1, 1),
(972, 8471113193, 81, 1, 0, 0, 2),
(973, 8471113194, 82, 1, 1, 1, 1),
(974, 8471113195, 83, 1, 0, 0, 2),
(975, 8471113196, 84, 1, 1, 1, 1),
(976, 8471113197, 85, 1, 0, 0, 2),
(977, 8471113198, 86, 1, 1, 1, 1),
(978, 8471113199, 87, 1, 0, 0, 2),
(979, 8471113200, 88, 1, 1, 1, 1),
(980, 8471113201, 89, 1, 0, 0, 2),
(981, 8471113202, 90, 1, 1, 1, 1),
(982, 8471113203, 91, 1, 0, 0, 2),
(983, 8471113204, 92, 1, 1, 1, 1),
(984, 8471113205, 93, 1, 0, 0, 2),
(985, 8471113206, 94, 1, 1, 1, 1),
(986, 8471113207, 95, 1, 0, 0, 2),
(987, 8471113208, 96, 1, 1, 1, 1),
(988, 8471113209, 97, 1, 0, 0, 2),
(989, 8471113210, 98, 1, 1, 1, 1),
(990, 8471113211, 99, 1, 0, 0, 2),
(991, 8471113212, 100, 1, 1, 1, 1),
(992, 8471113213, 101, 1, 0, 0, 2),
(993, 8471113214, 102, 1, 1, 1, 1),
(994, 8471113215, 103, 1, 0, 0, 2),
(995, 8471113216, 104, 1, 1, 1, 1),
(996, 8471113217, 105, 1, 0, 0, 2),
(997, 8471113218, 106, 1, 1, 1, 1),
(998, 8471113219, 107, 1, 0, 0, 2),
(999, 8471113220, 108, 1, 1, 1, 1),
(1000, 8471113221, 109, 1, 0, 0, 2),
(1001, 8471113222, 110, 1, 1, 1, 1),
(1002, 8471113223, 111, 1, 0, 0, 2),
(1003, 8471113224, 112, 1, 1, 1, 1),
(1004, 8471113225, 113, 1, 0, 0, 2),
(1005, 8471113226, 114, 1, 1, 1, 1),
(1006, 8471113227, 115, 1, 0, 0, 2),
(1007, 8471113228, 116, 1, 1, 1, 1),
(1008, 8471113229, 117, 1, 0, 0, 2),
(1009, 8471113230, 118, 1, 1, 1, 1),
(1010, 8471113231, 119, 1, 0, 0, 2),
(1011, 8471113232, 120, 1, 1, 1, 1),
(1012, 8471113233, 121, 1, 0, 0, 2),
(1013, 8471113234, 122, 1, 1, 1, 1),
(1014, 8471113235, 123, 1, 0, 0, 2),
(1015, 8471113236, 124, 1, 1, 1, 1),
(1016, 8471113237, 125, 1, 0, 0, 2),
(1017, 8471113238, 126, 1, 1, 1, 1),
(1018, 8471113239, 127, 1, 0, 0, 2),
(1019, 8471113240, 128, 1, 1, 1, 1),
(1020, 8471113241, 129, 1, 0, 0, 2),
(1021, 8471113242, 130, 1, 1, 1, 1),
(1022, 8471113243, 131, 1, 0, 0, 2),
(1023, 8471113244, 132, 1, 1, 1, 1),
(1024, 8471113245, 133, 1, 0, 0, 2),
(1025, 8471113246, 134, 1, 1, 1, 1),
(1026, 8471113247, 135, 1, 0, 0, 2),
(1027, 8471113248, 136, 1, 1, 1, 1),
(1028, 8471113249, 137, 1, 0, 0, 2),
(1029, 8471113250, 138, 1, 1, 1, 1),
(1030, 8471113251, 139, 1, 0, 0, 2),
(1031, 8471113252, 140, 1, 1, 1, 1),
(1032, 8471113253, 141, 1, 0, 0, 2),
(1033, 8471113254, 142, 1, 1, 1, 1),
(1034, 8471113255, 143, 1, 0, 0, 2),
(1035, 8471113256, 144, 1, 1, 1, 1),
(1036, 8471113257, 145, 1, 0, 0, 2),
(1037, 8471113258, 146, 1, 1, 1, 1),
(1038, 8471113259, 147, 1, 0, 0, 2),
(1039, 8471113260, 148, 1, 1, 1, 1),
(1040, 8471113261, 149, 1, 0, 0, 2),
(1041, 8471113262, 150, 1, 1, 1, 1),
(1042, 8471113263, 151, 1, 0, 0, 2),
(1043, 8471113264, 152, 1, 1, 1, 1),
(1044, 8471113265, 153, 1, 0, 0, 2),
(1045, 8471113266, 154, 1, 1, 1, 1),
(1046, 8471113267, 155, 1, 0, 0, 2),
(1047, 8471113268, 156, 1, 1, 1, 1),
(1048, 8471113269, 157, 1, 0, 0, 2),
(1049, 8471113270, 158, 1, 1, 1, 1),
(1050, 8471113271, 159, 1, 0, 0, 2),
(1051, 8471113272, 160, 1, 1, 1, 1),
(1052, 8471113273, 161, 1, 0, 0, 2),
(1053, 8471113274, 162, 1, 1, 1, 1),
(1054, 8471113275, 163, 1, 0, 0, 2),
(1055, 8471113276, 164, 1, 1, 1, 1),
(1056, 8471113277, 165, 1, 0, 0, 2),
(1057, 8471113278, 166, 1, 1, 1, 1),
(1058, 8471113279, 167, 1, 0, 0, 2),
(1059, 8471113280, 168, 1, 1, 1, 1),
(1060, 8471113281, 169, 1, 0, 0, 2),
(1061, 8471113282, 170, 1, 1, 1, 1),
(1062, 8471113283, 171, 1, 0, 0, 2),
(1063, 8471113284, 172, 1, 1, 1, 1),
(1064, 8471113285, 173, 1, 0, 0, 2),
(1065, 8471113286, 174, 1, 1, 1, 1),
(1066, 8471113287, 175, 1, 0, 0, 2),
(1067, 8471113288, 176, 1, 1, 1, 1),
(1068, 8471113289, 177, 1, 0, 0, 2),
(1069, 8471113290, 178, 1, 1, 1, 1),
(1070, 8471113291, 179, 1, 0, 0, 2),
(1071, 8471113292, 180, 1, 1, 1, 1),
(1072, 8471113293, 181, 1, 0, 0, 2),
(1073, 8471113294, 182, 1, 1, 1, 1),
(1074, 8471113295, 183, 1, 0, 0, 2),
(1075, 8471113296, 184, 1, 1, 1, 1),
(1076, 8471113297, 185, 1, 0, 0, 2),
(1077, 8471113298, 186, 1, 1, 1, 1),
(1078, 8471113299, 187, 1, 0, 0, 2),
(1079, 8471113300, 188, 1, 1, 1, 1),
(1080, 8471113301, 189, 1, 0, 0, 2),
(1081, 8471113302, 190, 1, 1, 1, 1),
(1082, 8471113303, 191, 1, 0, 0, 2),
(1083, 8471113304, 192, 1, 1, 1, 1),
(1084, 8471113305, 193, 1, 0, 0, 2),
(1085, 8471113306, 194, 1, 1, 1, 1),
(1086, 8471113307, 195, 1, 0, 0, 2),
(1087, 8471113308, 196, 1, 1, 1, 1),
(1088, 8471113309, 197, 1, 0, 0, 2),
(1089, 8471113310, 198, 1, 1, 1, 1),
(1090, 8471113311, 199, 1, 0, 0, 2),
(1091, 8471113312, 200, 1, 1, 1, 1),
(1092, 8471113313, 201, 1, 0, 0, 2),
(1093, 8471113314, 202, 1, 1, 1, 1),
(1094, 8471113315, 203, 1, 0, 0, 2),
(1095, 8471113316, 204, 1, 1, 1, 1),
(1096, 8471113317, 205, 1, 0, 0, 2),
(1097, 8471113318, 206, 1, 1, 1, 1),
(1098, 8471113319, 207, 1, 0, 0, 2),
(1099, 8471113320, 208, 1, 1, 1, 1),
(1100, 8471113321, 209, 1, 0, 0, 2),
(1101, 8471113322, 210, 1, 1, 1, 1),
(1102, 8471113323, 211, 1, 0, 0, 2),
(1103, 8471113324, 212, 1, 1, 1, 1),
(1104, 8471113325, 213, 1, 0, 0, 2),
(1105, 8471113326, 214, 1, 1, 1, 1),
(1106, 8471113327, 215, 1, 0, 0, 2),
(1107, 8471113328, 216, 1, 1, 1, 1),
(1108, 8471113329, 217, 1, 0, 0, 2),
(1109, 8471113330, 218, 1, 1, 1, 1),
(1110, 8471113331, 219, 1, 0, 0, 2),
(1111, 8471113332, 220, 1, 1, 1, 1),
(1112, 8471113333, 221, 1, 0, 0, 2),
(1113, 8471113334, 222, 1, 1, 1, 1),
(1114, 8471113335, 223, 1, 0, 0, 2),
(1115, 8471113336, 1, 1, 1, 1, 1),
(1116, 8471113337, 2, 1, 0, 0, 2),
(1117, 8471113338, 3, 1, 1, 1, 1),
(1118, 8471113339, 4, 1, 0, 0, 2),
(1119, 8471113340, 5, 1, 1, 1, 1),
(1120, 8471113341, 6, 1, 0, 0, 2),
(1121, 8471113342, 7, 1, 1, 1, 1),
(1122, 8471113343, 8, 1, 0, 0, 2),
(1123, 8471113344, 9, 1, 1, 1, 1),
(1124, 8471113345, 10, 1, 0, 0, 2),
(1125, 8471113346, 11, 1, 1, 1, 1),
(1126, 8471113347, 12, 1, 0, 0, 2),
(1127, 8471113348, 13, 1, 1, 1, 1),
(1128, 8471113349, 14, 1, 0, 0, 2),
(1129, 8471113350, 15, 1, 1, 1, 1),
(1130, 8471113351, 16, 1, 0, 0, 2),
(1131, 8471113352, 17, 1, 1, 1, 1),
(1132, 8471113353, 18, 1, 0, 0, 2),
(1133, 8471113354, 19, 1, 1, 1, 1),
(1134, 8471113355, 20, 1, 0, 0, 2),
(1135, 8471113356, 21, 1, 1, 1, 1),
(1136, 8471113357, 22, 1, 0, 0, 2),
(1137, 8471113358, 23, 1, 1, 1, 1),
(1138, 8471113359, 24, 1, 0, 0, 2),
(1139, 8471113360, 25, 1, 1, 1, 1),
(1140, 8471113361, 26, 1, 0, 0, 2),
(1141, 8471113362, 27, 1, 1, 1, 1),
(1142, 8471113363, 28, 1, 0, 0, 2),
(1143, 8471113364, 29, 1, 1, 1, 1),
(1144, 8471113365, 30, 1, 0, 0, 2),
(1145, 8471113366, 31, 1, 1, 1, 1),
(1146, 8471113367, 32, 1, 0, 0, 2),
(1147, 8471113368, 33, 1, 1, 1, 1),
(1148, 8471113369, 34, 1, 0, 0, 2),
(1149, 8471113370, 35, 1, 1, 1, 1),
(1150, 8471113371, 36, 1, 0, 0, 2),
(1151, 8471113372, 37, 1, 1, 1, 1),
(1152, 8471113373, 38, 1, 0, 0, 2),
(1153, 8471113374, 39, 1, 1, 1, 1),
(1154, 8471113375, 40, 1, 0, 0, 2),
(1155, 8471113376, 41, 1, 1, 1, 1),
(1156, 8471113377, 42, 1, 0, 0, 2),
(1157, 8471113378, 43, 1, 1, 1, 1),
(1158, 8471113379, 44, 1, 0, 0, 2),
(1159, 8471113380, 45, 1, 1, 1, 1),
(1160, 8471113381, 46, 1, 0, 0, 2),
(1161, 8471113382, 47, 1, 1, 1, 1),
(1162, 8471113383, 48, 1, 0, 0, 2),
(1163, 8471113384, 49, 1, 1, 1, 1),
(1164, 8471113385, 50, 1, 0, 0, 2),
(1165, 8471113386, 51, 1, 1, 1, 1),
(1166, 8471113387, 52, 1, 0, 0, 2),
(1167, 8471113388, 53, 1, 1, 1, 1),
(1168, 8471113389, 54, 1, 0, 0, 2),
(1169, 8471113390, 55, 1, 1, 1, 1),
(1170, 8471113391, 56, 1, 0, 0, 2),
(1171, 8471113392, 57, 1, 1, 1, 1),
(1172, 8471113393, 58, 1, 0, 0, 2),
(1173, 8471113394, 59, 1, 1, 1, 1),
(1174, 8471113395, 60, 1, 0, 0, 2),
(1175, 8471113396, 61, 1, 1, 1, 1),
(1176, 8471113397, 62, 1, 0, 0, 2),
(1177, 8471113398, 63, 1, 1, 1, 1),
(1178, 8471113399, 64, 1, 0, 0, 2),
(1179, 8471113400, 65, 1, 1, 1, 1),
(1180, 8471113401, 66, 1, 0, 0, 2),
(1181, 8471113402, 67, 1, 1, 1, 1),
(1182, 8471113403, 68, 1, 0, 0, 2),
(1183, 8471113404, 69, 1, 1, 1, 1),
(1184, 8471113405, 70, 1, 0, 0, 2),
(1185, 8471113406, 71, 1, 1, 1, 1),
(1186, 8471113407, 72, 1, 0, 0, 2),
(1187, 8471113408, 73, 1, 1, 1, 1),
(1188, 8471113409, 74, 1, 0, 0, 2),
(1189, 8471113410, 75, 1, 1, 1, 1),
(1190, 8471113411, 76, 1, 0, 0, 2),
(1191, 8471113412, 77, 1, 1, 1, 1),
(1192, 8471113413, 78, 1, 0, 0, 2),
(1193, 8471113414, 79, 1, 1, 1, 1),
(1194, 8471113415, 80, 1, 0, 0, 2),
(1195, 8471113416, 81, 1, 1, 1, 1),
(1196, 8471113417, 82, 1, 0, 0, 2),
(1197, 8471113418, 83, 1, 1, 1, 1),
(1198, 8471113419, 84, 1, 0, 0, 2),
(1199, 8471113420, 85, 1, 1, 1, 1),
(1200, 8471113421, 86, 1, 0, 0, 2),
(1201, 8471113422, 87, 1, 1, 1, 1),
(1202, 8471113423, 88, 1, 0, 0, 2),
(1203, 8471113424, 89, 1, 1, 1, 1),
(1204, 8471113425, 90, 1, 0, 0, 2),
(1205, 8471113426, 91, 1, 1, 1, 1),
(1206, 8471113427, 92, 1, 0, 0, 2),
(1207, 8471113428, 93, 1, 1, 1, 1),
(1208, 8471113429, 94, 1, 0, 0, 2),
(1209, 8471113430, 95, 1, 1, 1, 1),
(1210, 8471113431, 96, 1, 0, 0, 2),
(1211, 8471113432, 97, 1, 1, 1, 1),
(1212, 8471113433, 98, 1, 0, 0, 2),
(1213, 8471113434, 99, 1, 1, 1, 1),
(1214, 8471113435, 100, 1, 0, 0, 2),
(1215, 8471113436, 101, 1, 1, 1, 1),
(1216, 8471113437, 102, 1, 0, 0, 2),
(1217, 8471113438, 103, 1, 1, 1, 1),
(1218, 8471113439, 104, 1, 0, 0, 2),
(1219, 8471113440, 105, 1, 1, 1, 1),
(1220, 8471113441, 106, 1, 0, 0, 2),
(1221, 8471113442, 107, 1, 1, 1, 1),
(1222, 8471113443, 108, 1, 0, 0, 2),
(1223, 8471113444, 109, 1, 1, 1, 1),
(1224, 8471113445, 110, 1, 0, 0, 2),
(1225, 8471113446, 111, 1, 1, 1, 1),
(1226, 8471113447, 112, 1, 0, 0, 2),
(1227, 8471113448, 113, 1, 1, 1, 1),
(1228, 8471113449, 114, 1, 0, 0, 2),
(1229, 8471113450, 115, 1, 1, 1, 1),
(1230, 8471113451, 116, 1, 0, 0, 2),
(1231, 8471113452, 117, 1, 1, 1, 1),
(1232, 8471113453, 118, 1, 0, 0, 2),
(1233, 8471113454, 119, 1, 1, 1, 1),
(1234, 8471113455, 120, 1, 0, 0, 2),
(1235, 8471113456, 121, 1, 1, 1, 1),
(1236, 8471113457, 122, 1, 0, 0, 2),
(1237, 8471113458, 123, 1, 1, 1, 1),
(1238, 8471113459, 124, 1, 0, 0, 2),
(1239, 8471113460, 125, 1, 1, 1, 1),
(1240, 8471113461, 126, 1, 0, 0, 2),
(1241, 8471113462, 127, 1, 1, 1, 1),
(1242, 8471113463, 128, 1, 0, 0, 2),
(1243, 8471113464, 129, 1, 1, 1, 1),
(1244, 8471113465, 130, 1, 0, 0, 2),
(1245, 8471113466, 131, 1, 1, 1, 1),
(1246, 8471113467, 132, 1, 0, 0, 2),
(1247, 8471113468, 133, 1, 1, 1, 1),
(1248, 8471113469, 134, 1, 0, 0, 2),
(1249, 8471113470, 135, 1, 1, 1, 1),
(1250, 8471113471, 136, 1, 0, 0, 2),
(1251, 8471113472, 137, 1, 1, 1, 1),
(1252, 8471113473, 138, 1, 0, 0, 2),
(1253, 8471113474, 139, 1, 1, 1, 1),
(1254, 8471113475, 140, 1, 0, 0, 2),
(1255, 8471113476, 141, 1, 1, 1, 1),
(1256, 8471113477, 142, 1, 0, 0, 2),
(1257, 8471113478, 143, 1, 1, 1, 1),
(1258, 8471113479, 144, 1, 0, 0, 2),
(1259, 8471113480, 145, 1, 1, 1, 1),
(1260, 8471113481, 146, 1, 0, 0, 2),
(1261, 8471113482, 147, 1, 1, 1, 1),
(1262, 8471113483, 148, 1, 0, 0, 2),
(1263, 8471113484, 149, 1, 1, 1, 1),
(1264, 8471113485, 150, 1, 0, 0, 2),
(1265, 8471113486, 151, 1, 1, 1, 1),
(1266, 8471113487, 152, 1, 0, 0, 2),
(1267, 8471113488, 153, 1, 1, 1, 1),
(1268, 8471113489, 154, 1, 0, 0, 2),
(1269, 8471113490, 155, 1, 1, 1, 1),
(1270, 8471113491, 156, 1, 0, 0, 2),
(1271, 8471113492, 157, 1, 1, 1, 1),
(1272, 8471113493, 158, 1, 0, 0, 2),
(1273, 8471113494, 159, 1, 1, 1, 1),
(1274, 8471113495, 160, 1, 0, 0, 2),
(1275, 8471113496, 161, 1, 1, 1, 1),
(1276, 8471113497, 162, 1, 0, 0, 2),
(1277, 8471113498, 163, 1, 1, 1, 1),
(1278, 8471113499, 164, 1, 0, 0, 2),
(1279, 8471113500, 165, 1, 1, 1, 1),
(1280, 8471113501, 166, 1, 0, 0, 2),
(1281, 8471113502, 167, 1, 1, 1, 1),
(1282, 8471113503, 168, 1, 0, 0, 2),
(1283, 8471113504, 169, 1, 1, 1, 1),
(1284, 8471113505, 170, 1, 0, 0, 2),
(1285, 8471113506, 171, 1, 1, 1, 1),
(1286, 8471113507, 172, 1, 0, 0, 2),
(1287, 8471113508, 173, 1, 1, 1, 1),
(1288, 8471113509, 174, 1, 0, 0, 2),
(1289, 8471113510, 175, 1, 1, 1, 1),
(1290, 8471113511, 176, 1, 0, 0, 2),
(1291, 8471113512, 177, 1, 1, 1, 1),
(1292, 8471113513, 178, 1, 0, 0, 2),
(1293, 8471113514, 179, 1, 1, 1, 1),
(1294, 8471113515, 180, 1, 0, 0, 2),
(1295, 8471113516, 181, 1, 1, 1, 1),
(1296, 8471113517, 182, 1, 0, 0, 2),
(1297, 8471113518, 183, 1, 1, 1, 1),
(1298, 8471113519, 184, 1, 0, 0, 2),
(1299, 8471113520, 185, 1, 1, 1, 1),
(1300, 8471113521, 186, 1, 0, 0, 2),
(1301, 8471113522, 187, 1, 1, 1, 1),
(1302, 8471113523, 188, 1, 0, 0, 2),
(1303, 8471113524, 189, 1, 1, 1, 1),
(1304, 8471113525, 190, 1, 0, 0, 2),
(1305, 8471113526, 191, 1, 1, 1, 1),
(1306, 8471113527, 192, 1, 0, 0, 2),
(1307, 8471113528, 193, 1, 1, 1, 1),
(1308, 8471113529, 194, 1, 0, 0, 2),
(1309, 8471113530, 195, 1, 1, 1, 1),
(1310, 8471113531, 196, 1, 0, 0, 2),
(1311, 8471113532, 197, 1, 1, 1, 1),
(1312, 8471113533, 198, 1, 0, 0, 2),
(1313, 8471113534, 199, 1, 1, 1, 1),
(1314, 8471113535, 200, 1, 0, 0, 2),
(1315, 8471113536, 201, 1, 1, 1, 1),
(1316, 8471113537, 202, 1, 0, 0, 2),
(1317, 8471113538, 203, 1, 1, 1, 1),
(1318, 8471113539, 204, 1, 0, 0, 2),
(1319, 8471113540, 205, 1, 1, 1, 1),
(1320, 8471113541, 206, 1, 0, 0, 2),
(1321, 8471113542, 207, 1, 1, 1, 1),
(1322, 8471113543, 208, 1, 0, 0, 2),
(1323, 8471113544, 209, 1, 1, 1, 1),
(1324, 8471113545, 210, 1, 0, 0, 2),
(1325, 8471113546, 211, 1, 1, 1, 1),
(1326, 8471113547, 212, 1, 0, 0, 2),
(1327, 8471113548, 213, 1, 1, 1, 1),
(1328, 8471113549, 214, 1, 0, 0, 2),
(1329, 8471113550, 215, 1, 1, 1, 1),
(1330, 8471113551, 216, 1, 0, 0, 2),
(1331, 8471113552, 217, 1, 1, 1, 1),
(1332, 8471113553, 218, 1, 0, 0, 2),
(1333, 8471113554, 219, 1, 1, 1, 1),
(1334, 8471113555, 220, 1, 0, 0, 2),
(1335, 8471113556, 221, 1, 1, 1, 1),
(1336, 8471113557, 222, 1, 0, 0, 2),
(1337, 8471113558, 223, 1, 1, 1, 1),
(1338, 8471113559, 1, 1, 0, 0, 2),
(1339, 8471113560, 2, 1, 1, 1, 1),
(1340, 8471113561, 3, 1, 0, 0, 2),
(1341, 8471113562, 4, 1, 1, 1, 1),
(1342, 8471113563, 5, 1, 0, 0, 2),
(1343, 8471113564, 6, 1, 1, 1, 1),
(1344, 8471113565, 7, 1, 0, 0, 2),
(1345, 8471113566, 8, 1, 1, 1, 1),
(1346, 8471113567, 9, 1, 0, 0, 2),
(1347, 8471113568, 10, 1, 1, 1, 1),
(1348, 8471113569, 11, 1, 0, 0, 2),
(1349, 8471113570, 12, 1, 1, 1, 1),
(1350, 8471113571, 13, 1, 0, 0, 2),
(1351, 8471113572, 14, 1, 1, 1, 1),
(1352, 8471113573, 15, 1, 0, 0, 2),
(1353, 8471113574, 16, 1, 1, 1, 1),
(1354, 8471113575, 17, 1, 0, 0, 2),
(1355, 8471113576, 18, 1, 1, 1, 1),
(1356, 8471113577, 19, 1, 0, 0, 2),
(1357, 8471113578, 20, 1, 1, 1, 1),
(1358, 8471113579, 21, 1, 0, 0, 2),
(1359, 8471113580, 22, 1, 1, 1, 1),
(1360, 8471113581, 23, 1, 0, 0, 2),
(1361, 8471113582, 24, 1, 1, 1, 1),
(1362, 8471113583, 25, 1, 0, 0, 2),
(1363, 8471113584, 26, 1, 1, 1, 1),
(1364, 8471113585, 27, 1, 0, 0, 2),
(1365, 8471113586, 28, 1, 1, 1, 1),
(1366, 8471113587, 29, 1, 0, 0, 2),
(1367, 8471113588, 30, 1, 1, 1, 1),
(1368, 8471113589, 31, 1, 0, 0, 2),
(1369, 8471113590, 32, 1, 1, 1, 1),
(1370, 8471113591, 33, 1, 0, 0, 2),
(1371, 8471113592, 34, 1, 1, 1, 1),
(1372, 8471113593, 35, 1, 0, 0, 2),
(1373, 8471113594, 36, 1, 1, 1, 1),
(1374, 8471113595, 37, 1, 0, 0, 2),
(1375, 8471113596, 38, 1, 1, 1, 1),
(1376, 8471113597, 39, 1, 0, 0, 2),
(1377, 8471113598, 40, 1, 1, 1, 1),
(1378, 8471113599, 41, 1, 0, 0, 2),
(1379, 8471113600, 42, 1, 1, 1, 1),
(1380, 8471113601, 43, 1, 0, 0, 2),
(1381, 8471113602, 44, 1, 1, 1, 1),
(1382, 8471113603, 45, 1, 0, 0, 2),
(1383, 8471113604, 46, 1, 1, 1, 1),
(1384, 8471113605, 47, 1, 0, 0, 2),
(1385, 8471113606, 48, 1, 1, 1, 1),
(1386, 8471113607, 49, 1, 0, 0, 2),
(1387, 8471113608, 50, 1, 1, 1, 1),
(1388, 8471113609, 51, 1, 0, 0, 2),
(1389, 8471113610, 52, 1, 1, 1, 1),
(1390, 8471113611, 53, 1, 0, 0, 2),
(1391, 8471113612, 54, 1, 1, 1, 1),
(1392, 8471113613, 55, 1, 0, 0, 2),
(1393, 8471113614, 56, 1, 1, 1, 1),
(1394, 8471113615, 57, 1, 0, 0, 2),
(1395, 8471113616, 58, 1, 1, 1, 1),
(1396, 8471113617, 59, 1, 0, 0, 2),
(1397, 8471113618, 60, 1, 1, 1, 1),
(1398, 8471113619, 61, 1, 0, 0, 2),
(1399, 8471113620, 62, 1, 1, 1, 1),
(1400, 8471113621, 63, 1, 0, 0, 2),
(1401, 8471113622, 64, 1, 1, 1, 1),
(1402, 8471113623, 65, 1, 0, 0, 2),
(1403, 8471113624, 66, 1, 1, 1, 1),
(1404, 8471113625, 67, 1, 0, 0, 2),
(1405, 8471113626, 68, 1, 1, 1, 1),
(1406, 8471113627, 69, 1, 0, 0, 2),
(1407, 8471113628, 70, 1, 1, 1, 1),
(1408, 8471113629, 71, 1, 0, 0, 2),
(1409, 8471113630, 72, 1, 1, 1, 1),
(1410, 8471113631, 73, 1, 0, 0, 2),
(1411, 8471113632, 74, 1, 1, 1, 1),
(1412, 8471113633, 75, 1, 0, 0, 2),
(1413, 8471113634, 76, 1, 1, 1, 1),
(1414, 8471113635, 77, 1, 0, 0, 2),
(1415, 8471113636, 78, 1, 1, 1, 1),
(1416, 8471113637, 79, 1, 0, 0, 2),
(1417, 8471113638, 80, 1, 1, 1, 1),
(1418, 8471113639, 81, 1, 0, 0, 2),
(1419, 8471113640, 82, 1, 1, 1, 1),
(1420, 8471113641, 83, 1, 0, 0, 2),
(1421, 8471113642, 84, 1, 1, 1, 1),
(1422, 8471113643, 85, 1, 0, 0, 2),
(1423, 8471113644, 86, 1, 1, 1, 1),
(1424, 8471113645, 87, 1, 0, 0, 2),
(1425, 8471113646, 88, 1, 1, 1, 1),
(1426, 8471113647, 89, 1, 0, 0, 2),
(1427, 8471113648, 90, 1, 1, 1, 1),
(1428, 8471113649, 91, 1, 0, 0, 2),
(1429, 8471113650, 92, 1, 1, 1, 1),
(1430, 8471113651, 93, 1, 0, 0, 2),
(1431, 8471113652, 94, 1, 1, 1, 1),
(1432, 8471113653, 95, 1, 0, 0, 2),
(1433, 8471113654, 96, 1, 1, 1, 1),
(1434, 8471113655, 97, 1, 0, 0, 2),
(1435, 8471113656, 98, 1, 1, 1, 1),
(1436, 8471113657, 99, 1, 0, 0, 2),
(1437, 8471113658, 100, 1, 1, 1, 1),
(1438, 8471113659, 101, 1, 0, 0, 2),
(1439, 8471113660, 102, 1, 1, 1, 1),
(1440, 8471113661, 103, 1, 0, 0, 2),
(1441, 8471113662, 104, 1, 1, 1, 1),
(1442, 8471113663, 105, 1, 0, 0, 2),
(1443, 8471113664, 106, 1, 1, 1, 1),
(1444, 8471113665, 107, 1, 0, 0, 2),
(1445, 8471113666, 108, 1, 1, 1, 1),
(1446, 8471113667, 109, 1, 0, 0, 2),
(1447, 8471113668, 110, 1, 1, 1, 1),
(1448, 8471113669, 111, 1, 0, 0, 2),
(1449, 8471113670, 112, 1, 1, 1, 1),
(1450, 8471113671, 113, 1, 0, 0, 2),
(1451, 8471113672, 114, 1, 1, 1, 1),
(1452, 8471113673, 115, 1, 0, 0, 2),
(1453, 8471113674, 116, 1, 1, 1, 1),
(1454, 8471113675, 117, 1, 0, 0, 2),
(1455, 8471113676, 118, 1, 1, 1, 1),
(1456, 8471113677, 119, 1, 0, 0, 2),
(1457, 8471113678, 120, 1, 1, 1, 1),
(1458, 8471113679, 121, 1, 0, 0, 2),
(1459, 8471113680, 122, 1, 1, 1, 1),
(1460, 8471113681, 123, 1, 0, 0, 2),
(1461, 8471113682, 124, 1, 1, 1, 1),
(1462, 8471113683, 125, 1, 0, 0, 2),
(1463, 8471113684, 126, 1, 1, 1, 1),
(1464, 8471113685, 127, 1, 0, 0, 2),
(1465, 8471113686, 128, 1, 1, 1, 1),
(1466, 8471113687, 129, 1, 0, 0, 2),
(1467, 8471113688, 130, 1, 1, 1, 1),
(1468, 8471113689, 131, 1, 0, 0, 2),
(1469, 8471113690, 132, 1, 1, 1, 1),
(1470, 8471113691, 133, 1, 0, 0, 2),
(1471, 8471113692, 134, 1, 1, 1, 1),
(1472, 8471113693, 135, 1, 0, 0, 2),
(1473, 8471113694, 136, 1, 1, 1, 1),
(1474, 8471113695, 137, 1, 0, 0, 2),
(1475, 8471113696, 138, 1, 1, 1, 1),
(1476, 8471113697, 139, 1, 0, 0, 2),
(1477, 8471113698, 140, 1, 1, 1, 1),
(1478, 8471113699, 141, 1, 0, 0, 2),
(1479, 8471113700, 142, 1, 1, 1, 1),
(1480, 8471113701, 143, 1, 0, 0, 2),
(1481, 8471113702, 144, 1, 1, 1, 1),
(1482, 8471113703, 145, 1, 0, 0, 2),
(1483, 8471113704, 146, 1, 1, 1, 1),
(1484, 8471113705, 147, 1, 0, 0, 2),
(1485, 8471113706, 148, 1, 1, 1, 1),
(1486, 8471113707, 149, 1, 0, 0, 2),
(1487, 8471113708, 150, 1, 1, 1, 1),
(1488, 8471113709, 151, 1, 0, 0, 2),
(1489, 8471113710, 152, 1, 1, 1, 1),
(1490, 8471113711, 153, 1, 0, 0, 2),
(1491, 8471113712, 154, 1, 1, 1, 1),
(1492, 8471113713, 155, 1, 0, 0, 2),
(1493, 8471113714, 156, 1, 1, 1, 1),
(1494, 8471113715, 157, 1, 0, 0, 2),
(1495, 8471113716, 158, 1, 1, 1, 1),
(1496, 8471113717, 159, 1, 0, 0, 2),
(1497, 8471113718, 160, 1, 1, 1, 1),
(1498, 8471113719, 161, 1, 0, 0, 2),
(1499, 8471113720, 162, 1, 1, 1, 1),
(1500, 8471113721, 163, 1, 0, 0, 2),
(1501, 8471113722, 164, 1, 1, 1, 1),
(1502, 8471113723, 165, 1, 0, 0, 2),
(1503, 8471113724, 166, 1, 1, 1, 1),
(1504, 8471113725, 167, 1, 0, 0, 2),
(1505, 8471113726, 168, 1, 1, 1, 1),
(1506, 8471113727, 169, 1, 0, 0, 2),
(1507, 8471113728, 170, 1, 1, 1, 1),
(1508, 8471113729, 171, 1, 0, 0, 2),
(1509, 8471113730, 172, 1, 1, 1, 1),
(1510, 8471113731, 173, 1, 0, 0, 2),
(1511, 8471113732, 174, 1, 1, 1, 1),
(1512, 8471113733, 175, 1, 0, 0, 2),
(1513, 8471113734, 176, 1, 1, 1, 1),
(1514, 8471113735, 177, 1, 0, 0, 2),
(1515, 8471113736, 178, 1, 1, 1, 1),
(1516, 8471113737, 179, 1, 0, 0, 2),
(1517, 8471113738, 180, 1, 1, 1, 1),
(1518, 8471113739, 181, 1, 0, 0, 2),
(1519, 8471113740, 182, 1, 1, 1, 1),
(1520, 8471113741, 183, 1, 0, 0, 2),
(1521, 8471113742, 184, 1, 1, 1, 1),
(1522, 8471113743, 185, 1, 0, 0, 2),
(1523, 8471113744, 186, 1, 1, 1, 1),
(1524, 8471113745, 187, 1, 0, 0, 2),
(1525, 8471113746, 188, 1, 1, 1, 1),
(1526, 8471113747, 189, 1, 0, 0, 2),
(1527, 8471113748, 190, 1, 1, 1, 1),
(1528, 8471113749, 191, 1, 0, 0, 2),
(1529, 8471113750, 192, 1, 1, 1, 1),
(1530, 8471113751, 193, 1, 0, 0, 2),
(1531, 8471113752, 194, 1, 1, 1, 1),
(1532, 8471113753, 195, 1, 0, 0, 2),
(1533, 8471113754, 196, 1, 1, 1, 1),
(1534, 8471113755, 197, 1, 0, 0, 2),
(1535, 8471113756, 198, 1, 1, 1, 1),
(1536, 8471113757, 199, 1, 0, 0, 2),
(1537, 8471113758, 200, 1, 1, 1, 1),
(1538, 8471113759, 201, 1, 0, 0, 2),
(1539, 8471113760, 202, 1, 1, 1, 1),
(1540, 8471113761, 203, 1, 0, 0, 2),
(1541, 8471113762, 204, 1, 1, 1, 1),
(1542, 8471113763, 205, 1, 0, 0, 2),
(1543, 8471113764, 206, 1, 1, 1, 1),
(1544, 8471113765, 207, 1, 0, 0, 2),
(1545, 8471113766, 208, 1, 1, 1, 1),
(1546, 8471113767, 209, 1, 0, 0, 2),
(1547, 8471113768, 210, 1, 1, 1, 1),
(1548, 8471113769, 211, 1, 0, 0, 2),
(1549, 8471113770, 212, 1, 1, 1, 1),
(1550, 8471113771, 213, 1, 0, 0, 2),
(1551, 8471113772, 214, 1, 1, 1, 1),
(1552, 8471113773, 215, 1, 0, 0, 2),
(1553, 8471113774, 216, 1, 1, 1, 1),
(1554, 8471113775, 217, 1, 0, 0, 2),
(1555, 8471113776, 218, 1, 1, 1, 1),
(1556, 8471113777, 219, 1, 0, 0, 2),
(1557, 8471113778, 220, 1, 1, 1, 1),
(1558, 8471113779, 221, 1, 0, 0, 2),
(1559, 8471113780, 222, 1, 1, 1, 1),
(1560, 8471113781, 223, 1, 0, 0, 2),
(1561, 8471113782, 1, 1, 1, 1, 1),
(1562, 8471113783, 2, 1, 0, 0, 2),
(1563, 8471113784, 3, 1, 1, 1, 1),
(1564, 8471113785, 4, 1, 0, 0, 2),
(1565, 8471113786, 5, 1, 1, 1, 1),
(1566, 8471113787, 6, 1, 0, 0, 2),
(1567, 8471113788, 7, 1, 1, 1, 1),
(1568, 8471113789, 8, 1, 0, 0, 2),
(1569, 8471113790, 9, 1, 1, 1, 1),
(1570, 8471113791, 10, 1, 0, 0, 2),
(1571, 8471113792, 11, 1, 1, 1, 1),
(1572, 8471113793, 12, 1, 0, 0, 2),
(1573, 8471113794, 13, 1, 1, 1, 1),
(1574, 8471113795, 14, 1, 0, 0, 2),
(1575, 8471113796, 15, 1, 1, 1, 1),
(1576, 8471113797, 16, 1, 0, 0, 2),
(1577, 8471113798, 17, 1, 1, 1, 1),
(1578, 8471113799, 18, 1, 0, 0, 2),
(1579, 8471113800, 19, 1, 1, 1, 1),
(1580, 8471113801, 20, 1, 0, 0, 2),
(1581, 8471113802, 21, 1, 1, 1, 1),
(1582, 8471113803, 22, 1, 0, 0, 2),
(1583, 8471113804, 23, 1, 1, 1, 1),
(1584, 8471113805, 24, 1, 0, 0, 2),
(1585, 8471113806, 25, 1, 1, 1, 1),
(1586, 8471113807, 26, 1, 0, 0, 2),
(1587, 8471113808, 27, 1, 1, 1, 1),
(1588, 8471113809, 28, 1, 0, 0, 2),
(1589, 8471113810, 29, 1, 1, 1, 1),
(1590, 8471113811, 30, 1, 0, 0, 2),
(1591, 8471113812, 31, 1, 1, 1, 1),
(1592, 8471113813, 32, 1, 0, 0, 2),
(1593, 8471113814, 33, 1, 1, 1, 1),
(1594, 8471113815, 34, 1, 0, 0, 2),
(1595, 8471113816, 35, 1, 1, 1, 1),
(1596, 8471113817, 36, 1, 0, 0, 2),
(1597, 8471113818, 37, 1, 1, 1, 1),
(1598, 8471113819, 38, 1, 0, 0, 2),
(1599, 8471113820, 39, 1, 1, 1, 1),
(1600, 8471113821, 40, 1, 0, 0, 2),
(1601, 8471113822, 41, 1, 1, 1, 1),
(1602, 8471113823, 42, 1, 0, 0, 2),
(1603, 8471113824, 43, 1, 1, 1, 1),
(1604, 8471113825, 44, 1, 0, 0, 2),
(1605, 8471113826, 45, 1, 1, 1, 1),
(1606, 8471113827, 46, 1, 0, 0, 2),
(1607, 8471113828, 47, 1, 1, 1, 1),
(1608, 8471113829, 48, 1, 0, 0, 2),
(1609, 8471113830, 49, 1, 1, 1, 1),
(1610, 8471113831, 50, 1, 0, 0, 2),
(1611, 8471113832, 51, 1, 1, 1, 1),
(1612, 8471113833, 52, 1, 0, 0, 2),
(1613, 8471113834, 53, 1, 1, 1, 1),
(1614, 8471113835, 54, 1, 0, 0, 2),
(1615, 8471113836, 55, 1, 1, 1, 1),
(1616, 8471113837, 56, 1, 0, 0, 2),
(1617, 8471113838, 57, 1, 1, 1, 1),
(1618, 8471113839, 58, 1, 0, 0, 2),
(1619, 8471113840, 59, 1, 1, 1, 1),
(1620, 8471113841, 60, 1, 0, 0, 2),
(1621, 8471113842, 61, 1, 1, 1, 1),
(1622, 8471113843, 62, 1, 0, 0, 2),
(1623, 8471113844, 63, 1, 1, 1, 1),
(1624, 8471113845, 64, 1, 0, 0, 2),
(1625, 8471113846, 65, 1, 1, 1, 1),
(1626, 8471113847, 66, 1, 0, 0, 2),
(1627, 8471113848, 67, 1, 1, 1, 1),
(1628, 8471113849, 68, 1, 0, 0, 2),
(1629, 8471113850, 69, 1, 1, 1, 1),
(1630, 8471113851, 70, 1, 0, 0, 2),
(1631, 8471113852, 71, 1, 1, 1, 1),
(1632, 8471113853, 72, 1, 0, 0, 2),
(1633, 8471113854, 73, 1, 1, 1, 1),
(1634, 8471113855, 74, 1, 0, 0, 2),
(1635, 8471113856, 75, 1, 1, 1, 1),
(1636, 8471113857, 76, 1, 0, 0, 2),
(1637, 8471113858, 77, 1, 1, 1, 1),
(1638, 8471113859, 78, 1, 0, 0, 2),
(1639, 8471113860, 79, 1, 1, 1, 1),
(1640, 8471113861, 80, 1, 0, 0, 2),
(1641, 8471113862, 81, 1, 1, 1, 1),
(1642, 8471113863, 82, 1, 0, 0, 2),
(1643, 8471113864, 83, 1, 1, 1, 1),
(1644, 8471113865, 84, 1, 0, 0, 2),
(1645, 8471113866, 85, 1, 1, 1, 1),
(1646, 8471113867, 86, 1, 0, 0, 2),
(1647, 8471113868, 87, 1, 1, 1, 1),
(1648, 8471113869, 88, 1, 0, 0, 2),
(1649, 8471113870, 89, 1, 1, 1, 1),
(1650, 8471113871, 90, 1, 0, 0, 2),
(1651, 8471113872, 91, 1, 1, 1, 1),
(1652, 8471113873, 92, 1, 0, 0, 2),
(1653, 8471113874, 93, 1, 1, 1, 1),
(1654, 8471113875, 94, 1, 0, 0, 2),
(1655, 8471113876, 95, 1, 1, 1, 1),
(1656, 8471113877, 96, 1, 0, 0, 2),
(1657, 8471113878, 97, 1, 1, 1, 1),
(1658, 8471113879, 98, 1, 0, 0, 2),
(1659, 8471113880, 99, 1, 1, 1, 1),
(1660, 8471113881, 100, 1, 0, 0, 2),
(1661, 8471113882, 101, 1, 1, 1, 1),
(1662, 8471113883, 102, 1, 0, 0, 2),
(1663, 8471113884, 103, 1, 1, 1, 1),
(1664, 8471113885, 104, 1, 0, 0, 2),
(1665, 8471113886, 105, 1, 1, 1, 1),
(1666, 8471113887, 106, 1, 0, 0, 2),
(1667, 8471113888, 107, 1, 1, 1, 1),
(1668, 8471113889, 108, 1, 0, 0, 2),
(1669, 8471113890, 109, 1, 1, 1, 1),
(1670, 8471113891, 110, 1, 0, 0, 2),
(1671, 8471113892, 111, 1, 1, 1, 1),
(1672, 8471113893, 112, 1, 0, 0, 2),
(1673, 8471113894, 113, 1, 1, 1, 1),
(1674, 8471113895, 114, 1, 0, 0, 2),
(1675, 8471113896, 115, 1, 1, 1, 1),
(1676, 8471113897, 116, 1, 0, 0, 2),
(1677, 8471113898, 117, 1, 1, 1, 1),
(1678, 8471113899, 118, 1, 0, 0, 2),
(1679, 8471113900, 119, 1, 1, 1, 1),
(1680, 8471113901, 120, 1, 0, 0, 2),
(1681, 8471113902, 121, 1, 1, 1, 1),
(1682, 8471113903, 122, 1, 0, 0, 2),
(1683, 8471113904, 123, 1, 1, 1, 1),
(1684, 8471113905, 124, 1, 0, 0, 2),
(1685, 8471113906, 125, 1, 1, 1, 1),
(1686, 8471113907, 126, 1, 0, 0, 2),
(1687, 8471113908, 127, 1, 1, 1, 1),
(1688, 8471113909, 128, 1, 0, 0, 2),
(1689, 8471113910, 129, 1, 1, 1, 1),
(1690, 8471113911, 130, 1, 0, 0, 2),
(1691, 8471113912, 131, 1, 1, 1, 1),
(1692, 8471113913, 132, 1, 0, 0, 2),
(1693, 8471113914, 133, 1, 1, 1, 1),
(1694, 8471113915, 134, 1, 0, 0, 2),
(1695, 8471113916, 135, 1, 1, 1, 1),
(1696, 8471113917, 136, 1, 0, 0, 2),
(1697, 8471113918, 137, 1, 1, 1, 1),
(1698, 8471113919, 138, 1, 0, 0, 2),
(1699, 8471113920, 139, 1, 1, 1, 1),
(1700, 8471113921, 140, 1, 0, 0, 2),
(1701, 8471113922, 141, 1, 1, 1, 1),
(1702, 8471113923, 142, 1, 0, 0, 2),
(1703, 8471113924, 143, 1, 1, 1, 1),
(1704, 8471113925, 144, 1, 0, 0, 2),
(1705, 8471113926, 145, 1, 1, 1, 1),
(1706, 8471113927, 146, 1, 0, 0, 2),
(1707, 8471113928, 147, 1, 1, 1, 1),
(1708, 8471113929, 148, 1, 0, 0, 2),
(1709, 8471113930, 149, 1, 1, 1, 1),
(1710, 8471113931, 150, 1, 0, 0, 2),
(1711, 8471113932, 151, 1, 1, 1, 1),
(1712, 8471113933, 152, 1, 0, 0, 2),
(1713, 8471113934, 153, 1, 1, 1, 1),
(1714, 8471113935, 154, 1, 0, 0, 2),
(1715, 8471113936, 155, 1, 1, 1, 1),
(1716, 8471113937, 156, 1, 0, 0, 2),
(1717, 8471113938, 157, 1, 1, 1, 1),
(1718, 8471113939, 158, 1, 0, 0, 2),
(1719, 8471113940, 159, 1, 1, 1, 1),
(1720, 8471113941, 160, 1, 0, 0, 2),
(1721, 8471113942, 161, 1, 1, 1, 1),
(1722, 8471113943, 162, 1, 0, 0, 2),
(1723, 8471113944, 163, 1, 1, 1, 1),
(1724, 8471113945, 164, 1, 0, 0, 2),
(1725, 8471113946, 165, 1, 1, 1, 1),
(1726, 8471113947, 166, 1, 0, 0, 2),
(1727, 8471113948, 167, 1, 1, 1, 1),
(1728, 8471113949, 168, 1, 0, 0, 2),
(1729, 8471113950, 169, 1, 1, 1, 1),
(1730, 8471113951, 170, 1, 0, 0, 2),
(1731, 8471113952, 171, 1, 1, 1, 1),
(1732, 8471113953, 172, 1, 0, 0, 2),
(1733, 8471113954, 173, 1, 1, 1, 1),
(1734, 8471113955, 174, 1, 0, 0, 2),
(1735, 8471113956, 175, 1, 1, 1, 1),
(1736, 8471113957, 176, 1, 0, 0, 2),
(1737, 8471113958, 177, 1, 1, 1, 1),
(1738, 8471113959, 178, 1, 0, 0, 2),
(1739, 8471113960, 179, 1, 1, 1, 1),
(1740, 8471113961, 180, 1, 0, 0, 2),
(1741, 8471113962, 181, 1, 1, 1, 1),
(1742, 8471113963, 182, 1, 0, 0, 2),
(1743, 8471113964, 183, 1, 1, 1, 1),
(1744, 8471113965, 184, 1, 0, 0, 2),
(1745, 8471113966, 185, 1, 1, 1, 1),
(1746, 8471113967, 186, 1, 0, 0, 2),
(1747, 8471113968, 187, 1, 1, 1, 1),
(1748, 8471113969, 188, 1, 0, 0, 2),
(1749, 8471113970, 189, 1, 1, 1, 1),
(1750, 8471113971, 190, 1, 0, 0, 2),
(1751, 8471113972, 191, 1, 1, 1, 1),
(1752, 8471113973, 192, 1, 0, 0, 2),
(1753, 8471113974, 193, 1, 1, 1, 1),
(1754, 8471113975, 194, 1, 0, 0, 2),
(1755, 8471113976, 195, 1, 1, 1, 1),
(1756, 8471113977, 196, 1, 0, 0, 2),
(1757, 8471113978, 197, 1, 1, 1, 1),
(1758, 8471113979, 198, 1, 0, 0, 2),
(1759, 8471113980, 199, 1, 1, 1, 1),
(1760, 8471113981, 200, 1, 0, 0, 2),
(1761, 8471113982, 201, 1, 1, 1, 1),
(1762, 8471113983, 202, 1, 0, 0, 2),
(1763, 8471113984, 203, 1, 1, 1, 1),
(1764, 8471113985, 204, 1, 0, 0, 2),
(1765, 8471113986, 205, 1, 1, 1, 1),
(1766, 8471113987, 206, 1, 0, 0, 2),
(1767, 8471113988, 207, 1, 1, 1, 1),
(1768, 8471113989, 208, 1, 0, 0, 2),
(1769, 8471113990, 209, 1, 1, 1, 1),
(1770, 8471113991, 210, 1, 0, 0, 2),
(1771, 8471113992, 211, 1, 1, 1, 1),
(1772, 8471113993, 212, 1, 0, 0, 2),
(1773, 8471113994, 213, 1, 1, 1, 1),
(1774, 8471113995, 214, 1, 0, 0, 2),
(1775, 8471113996, 215, 1, 1, 1, 1),
(1776, 8471113997, 216, 1, 0, 0, 2),
(1777, 8471113998, 217, 1, 1, 1, 1),
(1778, 8471113999, 218, 1, 0, 0, 2),
(1779, 8471114000, 219, 1, 1, 1, 1),
(1780, 8471114001, 220, 1, 0, 0, 2),
(1781, 8471114002, 221, 1, 1, 1, 1),
(1782, 8471114003, 222, 1, 0, 0, 2),
(1783, 8471114004, 223, 1, 1, 1, 1),
(1784, 8471114005, 1, 1, 0, 0, 2),
(1785, 8471114006, 2, 1, 1, 1, 1),
(1786, 8471114007, 3, 1, 0, 0, 2),
(1787, 8471114008, 4, 1, 1, 1, 1),
(1788, 8471114009, 5, 1, 0, 0, 2),
(1789, 8471114010, 6, 1, 1, 1, 1),
(1790, 8471114011, 7, 1, 0, 0, 2),
(1791, 8471114012, 8, 1, 1, 1, 1),
(1792, 8471114013, 9, 1, 0, 0, 2),
(1793, 8471114014, 10, 1, 1, 1, 1),
(1794, 8471114015, 11, 1, 0, 0, 2),
(1795, 8471114016, 12, 1, 1, 1, 1),
(1796, 8471114017, 13, 1, 0, 0, 2),
(1797, 8471114018, 14, 1, 1, 1, 1),
(1798, 8471114019, 15, 1, 0, 0, 2),
(1799, 8471114020, 16, 1, 1, 1, 1),
(1800, 8471114021, 17, 1, 0, 0, 2),
(1801, 8471114022, 18, 1, 1, 1, 1),
(1802, 8471114023, 19, 1, 0, 0, 2),
(1803, 8471114024, 20, 1, 1, 1, 1),
(1804, 8471114025, 21, 1, 0, 0, 2),
(1805, 8471114026, 22, 1, 1, 1, 1),
(1806, 8471114027, 23, 1, 0, 0, 2),
(1807, 8471114028, 24, 1, 1, 1, 1),
(1808, 8471114029, 25, 1, 0, 0, 2),
(1809, 8471114030, 26, 1, 1, 1, 1),
(1810, 8471114031, 27, 1, 0, 0, 2),
(1811, 8471114032, 28, 1, 1, 1, 1),
(1812, 8471114033, 29, 1, 0, 0, 2),
(1813, 8471114034, 30, 1, 1, 1, 1),
(1814, 8471114035, 31, 1, 0, 0, 2),
(1815, 8471114036, 32, 1, 1, 1, 1),
(1816, 8471114037, 33, 1, 0, 0, 2),
(1817, 8471114038, 34, 1, 1, 1, 1),
(1818, 8471114039, 35, 1, 0, 0, 2),
(1819, 8471114040, 36, 1, 1, 1, 1),
(1820, 8471114041, 37, 1, 0, 0, 2),
(1821, 8471114042, 38, 1, 1, 1, 1),
(1822, 8471114043, 39, 1, 0, 0, 2),
(1823, 8471114044, 40, 1, 1, 1, 1),
(1824, 8471114045, 41, 1, 0, 0, 2),
(1825, 8471114046, 42, 1, 1, 1, 1),
(1826, 8471114047, 43, 1, 0, 0, 2),
(1827, 8471114048, 44, 1, 1, 1, 1),
(1828, 8471114049, 45, 1, 0, 0, 2),
(1829, 8471114050, 46, 1, 1, 1, 1),
(1830, 8471114051, 47, 1, 0, 0, 2),
(1831, 8471114052, 48, 1, 1, 1, 1),
(1832, 8471114053, 49, 1, 0, 0, 2),
(1833, 8471114054, 50, 1, 1, 1, 1),
(1834, 8471114055, 51, 1, 0, 0, 2),
(1835, 8471114056, 52, 1, 1, 1, 1),
(1836, 8471114057, 53, 1, 0, 0, 2),
(1837, 8471114058, 54, 1, 1, 1, 1),
(1838, 8471114059, 55, 1, 0, 0, 2),
(1839, 8471114060, 56, 1, 1, 1, 1),
(1840, 8471114061, 57, 1, 0, 0, 2),
(1841, 8471114062, 58, 1, 1, 1, 1),
(1842, 8471114063, 59, 1, 0, 0, 2),
(1843, 8471114064, 60, 1, 1, 1, 1),
(1844, 8471114065, 61, 1, 0, 0, 2),
(1845, 8471114066, 62, 1, 1, 1, 1),
(1846, 8471114067, 63, 1, 0, 0, 2),
(1847, 8471114068, 64, 1, 1, 1, 1),
(1848, 8471114069, 65, 1, 0, 0, 2),
(1849, 8471114070, 66, 1, 1, 1, 1),
(1850, 8471114071, 67, 1, 0, 0, 2),
(1851, 8471114072, 68, 1, 1, 1, 1),
(1852, 8471114073, 69, 1, 0, 0, 2),
(1853, 8471114074, 70, 1, 1, 1, 1),
(1854, 8471114075, 71, 1, 0, 0, 2),
(1855, 8471114076, 72, 1, 1, 1, 1),
(1856, 8471114077, 73, 1, 0, 0, 2),
(1857, 8471114078, 74, 1, 1, 1, 1),
(1858, 8471114079, 75, 1, 0, 0, 2),
(1859, 8471114080, 76, 1, 1, 1, 1),
(1860, 8471114081, 77, 1, 0, 0, 2),
(1861, 8471114082, 78, 1, 1, 1, 1),
(1862, 8471114083, 79, 1, 0, 0, 2),
(1863, 8471114084, 80, 1, 1, 1, 1),
(1864, 8471114085, 81, 1, 0, 0, 2),
(1865, 8471114086, 82, 1, 1, 1, 1),
(1866, 8471114087, 83, 1, 0, 0, 2),
(1867, 8471114088, 84, 1, 1, 1, 1),
(1868, 8471114089, 85, 1, 0, 0, 2),
(1869, 8471114090, 86, 1, 1, 1, 1),
(1870, 8471114091, 87, 1, 0, 0, 2),
(1871, 8471114092, 88, 1, 1, 1, 1),
(1872, 8471114093, 89, 1, 0, 0, 2),
(1873, 8471114094, 90, 1, 1, 1, 1),
(1874, 8471114095, 91, 1, 0, 0, 2),
(1875, 8471114096, 92, 1, 1, 1, 1),
(1876, 8471114097, 93, 1, 0, 0, 2),
(1877, 8471114098, 94, 1, 1, 1, 1),
(1878, 8471114099, 95, 1, 0, 0, 2),
(1879, 8471114100, 96, 1, 1, 1, 1),
(1880, 8471114101, 97, 1, 0, 0, 2),
(1881, 8471114102, 98, 1, 1, 1, 1),
(1882, 8471114103, 99, 1, 0, 0, 2),
(1883, 8471114104, 100, 1, 1, 1, 1),
(1884, 8471114105, 101, 1, 0, 0, 2),
(1885, 8471114106, 102, 1, 1, 1, 1),
(1886, 8471114107, 103, 1, 0, 0, 2),
(1887, 8471114108, 104, 1, 1, 1, 1),
(1888, 8471114109, 105, 1, 0, 0, 2),
(1889, 8471114110, 106, 1, 1, 1, 1),
(1890, 8471114111, 107, 1, 0, 0, 2),
(1891, 8471114112, 108, 1, 1, 1, 1),
(1892, 8471114113, 109, 1, 0, 0, 2),
(1893, 8471114114, 110, 1, 1, 1, 1),
(1894, 8471114115, 111, 1, 0, 0, 2),
(1895, 8471114116, 112, 1, 1, 1, 1),
(1896, 8471114117, 113, 1, 0, 0, 2),
(1897, 8471114118, 114, 1, 1, 1, 1),
(1898, 8471114119, 115, 1, 0, 0, 2),
(1899, 8471114120, 116, 1, 1, 1, 1),
(1900, 8471114121, 117, 1, 0, 0, 2),
(1901, 8471114122, 118, 1, 1, 1, 1),
(1902, 8471114123, 119, 1, 0, 0, 2),
(1903, 8471114124, 120, 1, 1, 1, 1),
(1904, 8471114125, 121, 1, 0, 0, 2),
(1905, 8471114126, 122, 1, 1, 1, 1),
(1906, 8471114127, 123, 1, 0, 0, 2),
(1907, 8471114128, 124, 1, 1, 1, 1),
(1908, 8471114129, 125, 1, 0, 0, 2),
(1909, 8471114130, 126, 1, 1, 1, 1),
(1910, 8471114131, 127, 1, 0, 0, 2),
(1911, 8471114132, 128, 1, 1, 1, 1),
(1912, 8471114133, 129, 1, 0, 0, 2),
(1913, 8471114134, 130, 1, 1, 1, 1),
(1914, 8471114135, 131, 1, 0, 0, 2),
(1915, 8471114136, 132, 1, 1, 1, 1),
(1916, 8471114137, 133, 1, 0, 0, 2),
(1917, 8471114138, 134, 1, 1, 1, 1),
(1918, 8471114139, 135, 1, 0, 0, 2),
(1919, 8471114140, 136, 1, 1, 1, 1),
(1920, 8471114141, 137, 1, 0, 0, 2),
(1921, 8471114142, 138, 1, 1, 1, 1),
(1922, 8471114143, 139, 1, 0, 0, 2),
(1923, 8471114144, 140, 1, 1, 1, 1),
(1924, 8471114145, 141, 1, 0, 0, 2),
(1925, 8471114146, 142, 1, 1, 1, 1),
(1926, 8471114147, 143, 1, 0, 0, 2),
(1927, 8471114148, 144, 1, 1, 1, 1),
(1928, 8471114149, 145, 1, 0, 0, 2),
(1929, 8471114150, 146, 1, 1, 1, 1),
(1930, 8471114151, 147, 1, 0, 0, 2),
(1931, 8471114152, 148, 1, 1, 1, 1),
(1932, 8471114153, 149, 1, 0, 0, 2),
(1933, 8471114154, 150, 1, 1, 1, 1),
(1934, 8471114155, 151, 1, 0, 0, 2),
(1935, 8471114156, 152, 1, 1, 1, 1),
(1936, 8471114157, 153, 1, 0, 0, 2),
(1937, 8471114158, 154, 1, 1, 1, 1),
(1938, 8471114159, 155, 1, 0, 0, 2),
(1939, 8471114160, 156, 1, 1, 1, 1),
(1940, 8471114161, 157, 1, 0, 0, 2),
(1941, 8471114162, 158, 1, 1, 1, 1),
(1942, 8471114163, 159, 1, 0, 0, 2),
(1943, 8471114164, 160, 1, 1, 1, 1),
(1944, 8471114165, 161, 1, 0, 0, 2),
(1945, 8471114166, 162, 1, 1, 1, 1),
(1946, 8471114167, 163, 1, 0, 0, 2),
(1947, 8471114168, 164, 1, 1, 1, 1),
(1948, 8471114169, 165, 1, 0, 0, 2),
(1949, 8471114170, 166, 1, 1, 1, 1),
(1950, 8471114171, 167, 1, 0, 0, 2),
(1951, 8471114172, 168, 1, 1, 1, 1),
(1952, 8471114173, 169, 1, 0, 0, 2),
(1953, 8471114174, 170, 1, 1, 1, 1),
(1954, 8471114175, 171, 1, 0, 0, 2),
(1955, 8471114176, 172, 1, 1, 1, 1),
(1956, 8471114177, 173, 1, 0, 0, 2),
(1957, 8471114178, 174, 1, 1, 1, 1),
(1958, 8471114179, 175, 1, 0, 0, 2),
(1959, 8471114180, 176, 1, 1, 1, 1),
(1960, 8471114181, 177, 1, 0, 0, 2),
(1961, 8471114182, 178, 1, 1, 1, 1),
(1962, 8471114183, 179, 1, 0, 0, 2),
(1963, 8471114184, 180, 1, 1, 1, 1),
(1964, 8471114185, 181, 1, 0, 0, 2),
(1965, 8471114186, 182, 1, 1, 1, 1),
(1966, 8471114187, 183, 1, 0, 0, 2),
(1967, 8471114188, 184, 1, 1, 1, 1),
(1968, 8471114189, 185, 1, 0, 0, 2),
(1969, 8471114190, 186, 1, 1, 1, 1),
(1970, 8471114191, 187, 1, 0, 0, 2),
(1971, 8471114192, 188, 1, 1, 1, 1),
(1972, 8471114193, 189, 1, 0, 0, 2),
(1973, 8471114194, 190, 1, 1, 1, 1),
(1974, 8471114195, 191, 1, 0, 0, 2),
(1975, 8471114196, 192, 1, 1, 1, 1),
(1976, 8471114197, 193, 1, 0, 0, 2),
(1977, 8471114198, 194, 1, 1, 1, 1),
(1978, 8471114199, 195, 1, 0, 0, 2),
(1979, 8471114200, 196, 1, 1, 1, 1),
(1980, 8471114201, 197, 1, 0, 0, 2),
(1981, 8471114202, 198, 1, 1, 1, 1),
(1982, 8471114203, 199, 1, 0, 0, 2),
(1983, 8471114204, 200, 1, 1, 1, 1),
(1984, 8471114205, 201, 1, 0, 0, 2),
(1985, 8471114206, 202, 1, 1, 1, 1),
(1986, 8471114207, 203, 1, 0, 0, 2),
(1987, 8471114208, 204, 1, 1, 1, 1),
(1988, 8471114209, 205, 1, 0, 0, 2),
(1989, 8471114210, 206, 1, 1, 1, 1),
(1990, 8471114211, 207, 1, 0, 0, 2),
(1991, 8471114212, 208, 1, 1, 1, 1),
(1992, 8471114213, 209, 1, 0, 0, 2),
(1993, 8471114214, 210, 1, 1, 1, 1),
(1994, 8471114215, 211, 1, 0, 0, 2),
(1995, 8471114216, 212, 1, 1, 1, 1),
(1996, 8471114217, 213, 1, 0, 0, 2),
(1997, 8471114218, 214, 1, 1, 1, 1),
(1998, 8471114219, 215, 1, 0, 0, 2),
(1999, 8471114220, 216, 1, 1, 1, 1),
